252 0.198142 0.435336 0.303406 0.472505
851 0.400155 0.446029 0.48452 0.501018
358 0.609907 0.440937 0.716718 0.482688
812 0.816563 0.436354 0.908669 0.48778
1 0.158669 0.347251 0.213622 0.380855
85 0.363003 0.349287 0.506192 0.39613
464 0.554954 0.356415 0.620743 0.404277
252 0.437307 0.257128 0.543344 0.303462
839 0.273994 0.254582 0.328173 0.298371
869 0.301858 0.151731 0.359133 0.188391
252 0.198142 0.435336 0.303406 0.472505
851 0.400155 0.446029 0.48452 0.501018
358 0.609907 0.440937 0.716718 0.482688
812 0.816563 0.436354 0.908669 0.48778
1 0.158669 0.347251 0.213622 0.380855
85 0.363003 0.349287 0.506192 0.39613
464 0.554954 0.356415 0.620743 0.404277
252 0.437307 0.257128 0.543344 0.303462
839 0.273994 0.254582 0.328173 0.298371
869 0.301858 0.151731 0.359133 0.188391
