110 0.372129 0.124738 0.370597 0.12369
266 0.622511 0.128407 0.568147 0.128931
164 0.979326 0.124738 0.761103 0.1174
861 1.2366 0.124214 0.901991 0.126834
18 0.215161 0.222746 0.264931 0.20021
24 0.421899 0.219602 0.408882 0.191824
748 0.654671 0.216457 0.500766 0.187631
98 0.529096 0.30608 0.442573 0.255765
812 0.178407 0.340147 0.209801 0.281971
736 0.350689 0.332285 0.327718 0.262055
839 0.680704 0.315514 0.522205 0.259958
110 0.830781 0.312369 0.656968 0.249476
266 1.009188 0.298742 0.790199 0.251572
164 1.218224 0.304507 0.877489 0.244235
839 0.985452 0.416667 0.721286 0.325996
110 1.114855 0.418763 0.842266 0.328092
164 0.20827 0.554507 0.232772 0.427673
260 0.442573 0.544025 0.431853 0.419287
111 1.013783 0.517296 0.80245 0.401468
10 0.370597 0.433962 0.346095 0.337526
596 0.218224 0.664046 0.234303 0.495807
661 0.332312 0.657757 0.272588 0.487421
748 0.417305 0.664046 0.347626 0.487421
254 0.537519 0.666667 0.480858 0.496855
498 0.814701 0.643082 0.661562 0.481132
350 1.264165 0.6326 0.938744 0.483229
851 1.045942 0.640985 0.784074 0.479036
578 0.361409 0.795597 0.321593 0.589099
631 0.535222 0.789308 0.445636 0.589099
172 0.553599 0.924004 0.513017 0.665618
631 0.725881 0.208595 0.548239 0.184486
491 0.850689 0.208595 0.675345 0.18239
495 1.25268 0.214885 0.909648 0.180294
143 1.08193 0.205975 0.803982 0.17086
828 0.775651 0.531971 0.623277 0.418239
544 0.800919 0.413522 0.633997 0.334382
887 0.561256 0.415618 0.500766 0.332285
11 0.193721 0.44392 0.218989 0.351153
839 0.166156 0.123166 0.179173 0.124738
110 0.372129 0.124738 0.370597 0.12369
266 0.622511 0.128407 0.568147 0.128931
164 0.979326 0.124738 0.761103 0.1174
861 1.2366 0.124214 0.901991 0.126834
18 0.215161 0.222746 0.264931 0.20021
24 0.421899 0.219602 0.408882 0.191824
748 0.654671 0.216457 0.500766 0.187631
98 0.529096 0.30608 0.442573 0.255765
812 0.178407 0.340147 0.209801 0.281971
736 0.350689 0.332285 0.327718 0.262055
839 0.680704 0.315514 0.522205 0.259958
110 0.830781 0.312369 0.656968 0.249476
266 1.009188 0.298742 0.790199 0.251572
164 1.218224 0.304507 0.877489 0.244235
839 0.985452 0.416667 0.721286 0.325996
110 1.114855 0.418763 0.842266 0.328092
164 0.20827 0.554507 0.232772 0.427673
260 0.442573 0.544025 0.431853 0.419287
111 1.013783 0.517296 0.80245 0.401468
10 0.370597 0.433962 0.346095 0.337526
596 0.218224 0.664046 0.234303 0.495807
661 0.332312 0.657757 0.272588 0.487421
748 0.417305 0.664046 0.347626 0.487421
254 0.537519 0.666667 0.480858 0.496855
498 0.814701 0.643082 0.661562 0.481132
350 1.264165 0.6326 0.938744 0.483229
851 1.045942 0.640985 0.784074 0.479036
578 0.361409 0.795597 0.321593 0.589099
631 0.535222 0.789308 0.445636 0.589099
172 0.553599 0.924004 0.513017 0.665618
631 0.725881 0.208595 0.548239 0.184486
491 0.850689 0.208595 0.675345 0.18239
495 1.25268 0.214885 0.909648 0.180294
143 1.08193 0.205975 0.803982 0.17086
828 0.775651 0.531971 0.623277 0.418239
544 0.800919 0.413522 0.633997 0.334382
887 0.561256 0.415618 0.500766 0.332285
11 0.193721 0.44392 0.218989 0.351153
839 0.166156 0.123166 0.179173 0.124738
