560 0.274105 0.116135 0.355372 0.152482
142 0.407713 0.111702 0.482094 0.147163
142 0.158402 0.187943 0.220386 0.22695
85 0.285124 0.178191 0.374656 0.221631
737 0.411846 0.173759 0.476584 0.214539
839 0.495868 0.171986 0.534435 0.212766
596 0.129477 0.249113 0.165289 0.285461
753 0.188705 0.24734 0.22865 0.280142
578 0.362259 0.292553 0.404959 0.326241
358 0.279614 0.301418 0.338843 0.336879
859 0.42562 0.297872 0.46281 0.33156
748 0.466942 0.292553 0.490358 0.333333
1 0.490358 0.29078 0.509642 0.312057
151 0.544077 0.289007 0.589532 0.328014
379 0.621212 0.282801 0.666667 0.328014
839 0.69146 0.283688 0.732782 0.324468
724 0.14876 0.37234 0.198347 0.402482
358 0.235537 0.35461 0.286501 0.388298
578 0.322314 0.360816 0.380165 0.402482
578 0.399449 0.353723 0.446281 0.386525
490 0.488981 0.352837 0.553719 0.388298
221 0.618457 0.346631 0.69146 0.37766
1 0.172176 0.437057 0.212121 0.462766
736 0.247934 0.432624 0.311295 0.468085
85 0.497245 0.413121 0.592287 0.450355
260 0.634986 0.408688 0.710744 0.446809
708 0.190083 0.495567 0.236915 0.530142
379 0.264463 0.488475 0.30854 0.52305
148 0.356749 0.488475 0.421488 0.526596
596 0.433884 0.47961 0.473829 0.521277
859 0.504132 0.478723 0.539945 0.51773
745 0.570248 0.476064 0.61157 0.514184
141 0.670799 0.472518 0.741047 0.514184
10 0.775482 0.473404 0.834711 0.512411
99 0.353994 0.547872 0.418733 0.579787
859 0.451791 0.545213 0.495868 0.58156
496 0.522039 0.549645 0.581267 0.586879
380 0.61157 0.539894 0.658402 0.578014
1 0.676309 0.533688 0.699725 0.558511
23 0.190083 0.625 0.258953 0.666667
856 0.296143 0.619681 0.344353 0.661348
111 0.406336 0.60727 0.479339 0.643617
172 0.508264 0.606383 0.573003 0.640071
635 0.628099 0.60461 0.710744 0.641844
552 0.195592 0.692376 0.247934 0.730496
380 0.285124 0.685284 0.341598 0.72695
859 0.369146 0.685284 0.407713 0.728723
578 0.435262 0.670213 0.482094 0.710993
350 0.504132 0.671099 0.559229 0.710993
379 0.241047 0.757092 0.289256 0.794326
148 0.320937 0.757979 0.38843 0.799645
596 0.422865 0.744681 0.465565 0.787234
142 0.108815 0.846631 0.165289 0.890071
579 0.180441 0.835106 0.23416 0.87766
260 0.278237 0.824468 0.358127 0.867021
560 0.274105 0.116135 0.355372 0.152482
142 0.407713 0.111702 0.482094 0.147163
142 0.158402 0.187943 0.220386 0.22695
85 0.285124 0.178191 0.374656 0.221631
737 0.411846 0.173759 0.476584 0.214539
839 0.495868 0.171986 0.534435 0.212766
596 0.129477 0.249113 0.165289 0.285461
753 0.188705 0.24734 0.22865 0.280142
578 0.362259 0.292553 0.404959 0.326241
358 0.279614 0.301418 0.338843 0.336879
859 0.42562 0.297872 0.46281 0.33156
748 0.466942 0.292553 0.490358 0.333333
1 0.490358 0.29078 0.509642 0.312057
151 0.544077 0.289007 0.589532 0.328014
379 0.621212 0.282801 0.666667 0.328014
839 0.69146 0.283688 0.732782 0.324468
724 0.14876 0.37234 0.198347 0.402482
358 0.235537 0.35461 0.286501 0.388298
578 0.322314 0.360816 0.380165 0.402482
578 0.399449 0.353723 0.446281 0.386525
490 0.488981 0.352837 0.553719 0.388298
221 0.618457 0.346631 0.69146 0.37766
1 0.172176 0.437057 0.212121 0.462766
736 0.247934 0.432624 0.311295 0.468085
85 0.497245 0.413121 0.592287 0.450355
260 0.634986 0.408688 0.710744 0.446809
708 0.190083 0.495567 0.236915 0.530142
379 0.264463 0.488475 0.30854 0.52305
148 0.356749 0.488475 0.421488 0.526596
596 0.433884 0.47961 0.473829 0.521277
859 0.504132 0.478723 0.539945 0.51773
745 0.570248 0.476064 0.61157 0.514184
141 0.670799 0.472518 0.741047 0.514184
10 0.775482 0.473404 0.834711 0.512411
99 0.353994 0.547872 0.418733 0.579787
859 0.451791 0.545213 0.495868 0.58156
496 0.522039 0.549645 0.581267 0.586879
380 0.61157 0.539894 0.658402 0.578014
1 0.676309 0.533688 0.699725 0.558511
23 0.190083 0.625 0.258953 0.666667
856 0.296143 0.619681 0.344353 0.661348
111 0.406336 0.60727 0.479339 0.643617
172 0.508264 0.606383 0.573003 0.640071
635 0.628099 0.60461 0.710744 0.641844
552 0.195592 0.692376 0.247934 0.730496
380 0.285124 0.685284 0.341598 0.72695
859 0.369146 0.685284 0.407713 0.728723
578 0.435262 0.670213 0.482094 0.710993
350 0.504132 0.671099 0.559229 0.710993
379 0.241047 0.757092 0.289256 0.794326
148 0.320937 0.757979 0.38843 0.799645
596 0.422865 0.744681 0.465565 0.787234
142 0.108815 0.846631 0.165289 0.890071
579 0.180441 0.835106 0.23416 0.87766
260 0.278237 0.824468 0.358127 0.867021
