181 0.317365 0.084422 0.339321 0.114573
469 0.292415 0.251759 0.305389 0.244221
112 0.258483 0.405025 0.277445 0.333668
380 0.217565 0.569849 0.231537 0.456281
753 0.394212 0.569347 0.333333 0.449246
1 0.216567 0.724623 0.217565 0.526633
724 0.355289 0.718593 0.363273 0.548744
464 0.237525 0.878392 0.251497 0.647236
380 0.447106 0.871357 0.423154 0.649246
181 0.317365 0.084422 0.339321 0.114573
469 0.292415 0.251759 0.305389 0.244221
112 0.258483 0.405025 0.277445 0.333668
380 0.217565 0.569849 0.231537 0.456281
753 0.394212 0.569347 0.333333 0.449246
1 0.216567 0.724623 0.217565 0.526633
724 0.355289 0.718593 0.363273 0.548744
464 0.237525 0.878392 0.251497 0.647236
380 0.447106 0.871357 0.423154 0.649246
