14 0.882841 0.136273 0.728782 0.142285
548 1.161439 0.118737 0.902214 0.131263
851 0.686347 0.281563 0.546125 0.258517
10 0.852399 0.27004 0.686347 0.239479
380 1.139299 0.242485 0.920664 0.230461
579 0.441882 0.273547 0.381919 0.236473
266 0.193727 0.417335 0.284133 0.347695
661 0.431734 0.414329 0.357934 0.345691
596 0.570111 0.414329 0.476015 0.363727
560 0.865314 0.400802 0.741697 0.336673
496 1.207565 0.387275 0.920664 0.315631
566 0.193727 0.580661 0.265683 0.457916
578 0.424354 0.556112 0.372694 0.426854
578 0.615314 0.553607 0.48893 0.423848
298 0.845941 0.539579 0.699262 0.415832
580 1.100554 0.520541 0.835793 0.403808
596 0.178967 0.722445 0.202952 0.549098
98 0.369926 0.69489 0.370849 0.512024
859 0.655904 0.690882 0.52952 0.514028
209 0.884686 0.673347 0.695572 0.496994
661 0.157749 0.871743 0.186347 0.645291
859 0.339483 0.868737 0.313653 0.647295
737 0.560886 0.854208 0.512915 0.62024
812 0.182657 1.023046 0.243542 0.733467
828 0.439114 1.003507 0.409594 0.720441
490 0.237085 1.16984 0.300738 0.838677
14 0.882841 0.136273 0.728782 0.142285
548 1.161439 0.118737 0.902214 0.131263
851 0.686347 0.281563 0.546125 0.258517
10 0.852399 0.27004 0.686347 0.239479
380 1.139299 0.242485 0.920664 0.230461
579 0.441882 0.273547 0.381919 0.236473
266 0.193727 0.417335 0.284133 0.347695
661 0.431734 0.414329 0.357934 0.345691
596 0.570111 0.414329 0.476015 0.363727
560 0.865314 0.400802 0.741697 0.336673
496 1.207565 0.387275 0.920664 0.315631
566 0.193727 0.580661 0.265683 0.457916
578 0.424354 0.556112 0.372694 0.426854
578 0.615314 0.553607 0.48893 0.423848
298 0.845941 0.539579 0.699262 0.415832
580 1.100554 0.520541 0.835793 0.403808
596 0.178967 0.722445 0.202952 0.549098
98 0.369926 0.69489 0.370849 0.512024
859 0.655904 0.690882 0.52952 0.514028
209 0.884686 0.673347 0.695572 0.496994
661 0.157749 0.871743 0.186347 0.645291
859 0.339483 0.868737 0.313653 0.647295
737 0.560886 0.854208 0.512915 0.62024
812 0.182657 1.023046 0.243542 0.733467
828 0.439114 1.003507 0.409594 0.720441
490 0.237085 1.16984 0.300738 0.838677
