230 0.54262 0.338359 0.673597 0.372738
158 0.324324 0.341375 0.444906 0.379976
28 0.211019 0.413752 0.286902 0.44994
247 0.317048 0.407117 0.367983 0.439083
83 0.432432 0.404704 0.525988 0.435464
181 0.602911 0.39807 0.68815 0.433052
61 0.243243 0.474668 0.322245 0.509047
251 0.361746 0.477081 0.4158 0.51146
28 0.462578 0.471049 0.538462 0.503016
247 0.576923 0.467431 0.619543 0.498191
252 0.406445 0.275633 0.453222 0.308806
247 0.488565 0.275633 0.532225 0.312425
134 0.582121 0.271411 0.652807 0.305187
32 0.713098 0.264174 0.775468 0.297949
39 0.304574 0.270205 0.365904 0.303981
151 0.444906 0.204463 0.538462 0.235223
28 0.440748 0.531363 0.515593 0.566948
247 0.557173 0.530157 0.600832 0.562123
252 0.335759 0.541616 0.384615 0.571773
180 0.253638 0.538601 0.309771 0.569361
151 0.668399 0.522919 0.75052 0.558504
250 0.246362 0.598914 0.295218 0.627262
227 0.328482 0.602533 0.367983 0.632087
7 0.409563 0.601327 0.480249 0.635706
31 0.505198 0.593486 0.559252 0.626055
97 0.619543 0.591677 0.698545 0.627262
34 0.718295 0.593486 0.781705 0.623643
247 0.320166 0.66345 0.367983 0.693607
34 0.4158 0.664053 0.484407 0.693607
237 0.529106 0.659228 0.598753 0.689988
157 0.711019 0.658625 0.777547 0.6924
37 0.807692 0.653197 0.852391 0.680338
250 0.300416 0.72497 0.347193 0.756333
247 0.37526 0.721954 0.4158 0.749095
35 0.459459 0.724367 0.517672 0.75392
141 0.568607 0.727382 0.632017 0.762364
126 0.664241 0.72497 0.72973 0.75392
88 0.618503 0.778649 0.704782 0.806996
88 0.600832 0.831122 0.698545 0.858866
230 0.54262 0.338359 0.673597 0.372738
158 0.324324 0.341375 0.444906 0.379976
28 0.211019 0.413752 0.286902 0.44994
247 0.317048 0.407117 0.367983 0.439083
83 0.432432 0.404704 0.525988 0.435464
181 0.602911 0.39807 0.68815 0.433052
61 0.243243 0.474668 0.322245 0.509047
251 0.361746 0.477081 0.4158 0.51146
28 0.462578 0.471049 0.538462 0.503016
247 0.576923 0.467431 0.619543 0.498191
252 0.406445 0.275633 0.453222 0.308806
247 0.488565 0.275633 0.532225 0.312425
134 0.582121 0.271411 0.652807 0.305187
32 0.713098 0.264174 0.775468 0.297949
39 0.304574 0.270205 0.365904 0.303981
151 0.444906 0.204463 0.538462 0.235223
28 0.440748 0.531363 0.515593 0.566948
247 0.557173 0.530157 0.600832 0.562123
252 0.335759 0.541616 0.384615 0.571773
180 0.253638 0.538601 0.309771 0.569361
151 0.668399 0.522919 0.75052 0.558504
250 0.246362 0.598914 0.295218 0.627262
227 0.328482 0.602533 0.367983 0.632087
7 0.409563 0.601327 0.480249 0.635706
31 0.505198 0.593486 0.559252 0.626055
97 0.619543 0.591677 0.698545 0.627262
34 0.718295 0.593486 0.781705 0.623643
247 0.320166 0.66345 0.367983 0.693607
34 0.4158 0.664053 0.484407 0.693607
237 0.529106 0.659228 0.598753 0.689988
157 0.711019 0.658625 0.777547 0.6924
37 0.807692 0.653197 0.852391 0.680338
250 0.300416 0.72497 0.347193 0.756333
247 0.37526 0.721954 0.4158 0.749095
35 0.459459 0.724367 0.517672 0.75392
141 0.568607 0.727382 0.632017 0.762364
126 0.664241 0.72497 0.72973 0.75392
88 0.618503 0.778649 0.704782 0.806996
88 0.600832 0.831122 0.698545 0.858866
