380 0.423928 0.220572 0.308437 0.166117
589 0.469571 0.219472 0.344398 0.168317
496 0.349239 0.287129 0.264177 0.209021
380 0.425311 0.275028 0.322268 0.20462
578 0.443983 0.243124 0.320885 0.178218
266 0.298755 0.339934 0.237898 0.244224
578 0.384509 0.333883 0.282158 0.238724
578 0.450207 0.327833 0.322268 0.235424
464 0.295297 0.367437 0.233748 0.259626
596 0.43361 0.359186 0.319502 0.254125
635 0.179806 0.40319 0.152144 0.289329
859 0.226141 0.39659 0.164592 0.284928
839 0.248271 0.393839 0.178423 0.283828
111 0.2787 0.390539 0.217151 0.279428
566 0.3361 0.389989 0.251729 0.276128
252 0.379668 0.386689 0.272476 0.273927
736 0.414938 0.383938 0.298755 0.272827
14 0.45574 0.380638 0.327801 0.272827
24 0.492393 0.377888 0.345781 0.271727
839 0.520055 0.378438 0.356846 0.267327
380 0.541148 0.381463 0.381051 0.268977
839 0.111687 0.44802 0.090595 0.317382
99 0.142116 0.440869 0.121024 0.309681
580 0.182227 0.435919 0.147303 0.307481
869 0.219917 0.434818 0.168741 0.308581
89 0.270747 0.434268 0.210927 0.306381
127 0.327109 0.425468 0.253112 0.30088
16 0.39177 0.421617 0.293914 0.29758
580 0.443983 0.411166 0.316736 0.293179
661 0.478216 0.414191 0.329876 0.293729
380 0.496888 0.413091 0.352006 0.293729
110 0.125173 0.477998 0.109267 0.338834
24 0.190526 0.471122 0.16805 0.329483
111 0.288382 0.460396 0.236515 0.324532
589 0.38036 0.454345 0.29184 0.320132
24 0.453665 0.450495 0.345781 0.314631
737 0.11964 0.510176 0.099585 0.355886
252 0.151452 0.507426 0.116183 0.354785
859 0.182918 0.507151 0.14177 0.356436
636 0.224758 0.50165 0.186722 0.349835
89 0.287344 0.494224 0.219225 0.343784
142 0.330567 0.492849 0.250346 0.344334
566 0.389004 0.487349 0.289765 0.339934
20 0.432573 0.483223 0.313278 0.339384
905 0.483748 0.479098 0.353389 0.336634
1 0.121024 0.543454 0.098202 0.372937
724 0.162517 0.537129 0.134163 0.370187
701 0.211272 0.534378 0.162517 0.367987
825 0.25 0.530803 0.179115 0.366337
754 0.276971 0.528053 0.205394 0.365237
24 0.32953 0.523377 0.255187 0.363586
252 0.384509 0.522277 0.272476 0.360286
496 0.422545 0.517877 0.302905 0.359186
491 0.467842 0.514576 0.338174 0.356986
511 0.512794 0.509076 0.360304 0.354785
111 0.555325 0.506876 0.392808 0.352585
10 0.127248 0.567107 0.109267 0.391639
562 0.175311 0.562156 0.143154 0.391639
553 0.235823 0.561331 0.189488 0.388889
596 0.298409 0.55143 0.224758 0.384488
839 0.359959 0.55143 0.255187 0.383388
110 0.39592 0.54593 0.293914 0.381188
808 0.459198 0.545105 0.337483 0.376238
839 0.118603 0.600935 0.093361 0.419692
110 0.148686 0.59571 0.121715 0.415842
808 0.187414 0.59626 0.150761 0.413641
10 0.234094 0.591584 0.180498 0.410891
747 0.276279 0.587734 0.20816 0.409791
566 0.334025 0.582508 0.255878 0.40264
71 0.394537 0.580308 0.295297 0.40264
215 0.434993 0.576733 0.307054 0.39659
10 0.476487 0.573707 0.348548 0.39934
566 0.141425 0.633663 0.133472 0.438944
110 0.228562 0.621012 0.187414 0.433443
24 0.30325 0.621562 0.244122 0.431243
111 0.372752 0.613036 0.286307 0.427393
589 0.433264 0.604785 0.314661 0.419692
24 0.475795 0.606436 0.344398 0.420792
1 0.116874 0.664191 0.092669 0.455996
724 0.15249 0.663916 0.12379 0.456546
701 0.189834 0.658966 0.148686 0.454345
825 0.225104 0.658966 0.162517 0.453245
754 0.254149 0.655666 0.187414 0.453245
24 0.299793 0.654565 0.233057 0.453245
127 0.35823 0.644664 0.266943 0.446645
590 0.412517 0.640814 0.298064 0.444444
111 0.457123 0.638889 0.325035 0.442794
661 0.490318 0.637789 0.341632 0.442794
380 0.512102 0.638339 0.356155 0.440594
839 0.116528 0.692519 0.094744 0.480748
839 0.152144 0.693619 0.116183 0.478548
490 0.195367 0.690594 0.161134 0.475798
589 0.260719 0.686744 0.204703 0.475798
736 0.332642 0.680418 0.253112 0.467547
807 0.387275 0.678218 0.286307 0.466447
358 0.427732 0.671067 0.306362 0.462046
260 0.473375 0.669417 0.339557 0.462046
566 0.13278 0.721947 0.123098 0.4967
127 0.219917 0.713146 0.186722 0.493399
99 0.300484 0.711496 0.235823 0.488999
14 0.362033 0.711771 0.271784 0.487349
253 0.418741 0.705446 0.307746 0.484598
380 0.475795 0.702145 0.341632 0.482398
1 0.120332 0.757426 0.094053 0.518152
663 0.168741 0.753025 0.153527 0.518152
631 0.21888 0.751925 0.161134 0.518152
89 0.251037 0.749175 0.192254 0.518152
248 0.296335 0.745325 0.226141 0.514851
140 0.353734 0.737899 0.270401 0.508801
15 0.416667 0.737899 0.311895 0.508801
661 0.452282 0.740649 0.31397 0.5044
380 0.479599 0.738999 0.343707 0.508801
839 0.117566 0.790429 0.092669 0.546755
110 0.149378 0.786029 0.124481 0.542354
808 0.197441 0.784103 0.155602 0.539604
10 0.246542 0.786029 0.19018 0.541254
747 0.288728 0.781903 0.217842 0.540704
566 0.346473 0.777503 0.261411 0.534103
71 0.400761 0.775303 0.295297 0.530803
215 0.43361 0.774202 0.307054 0.524202
10 0.472337 0.771452 0.341632 0.529703
110 0.129322 0.821782 0.109267 0.565457
24 0.171853 0.819582 0.143154 0.559956
111 0.215768 0.814631 0.170124 0.558856
589 0.260719 0.817107 0.19917 0.562706
24 0.312932 0.813256 0.244122 0.557206
490 0.377248 0.807481 0.280083 0.553355
24 0.426003 0.806656 0.307054 0.552805
839 0.461964 0.80143 0.318119 0.552255
851 0.484786 0.79978 0.341632 0.551155
839 0.118257 0.856161 0.094053 0.588009
561 0.16148 0.852035 0.14177 0.584158
110 0.215076 0.848185 0.170124 0.584158
24 0.26971 0.84901 0.218534 0.582508
839 0.376556 0.841034 0.266252 0.580858
110 0.40491 0.835809 0.295297 0.577008
808 0.459198 0.837184 0.333333 0.575358
10 0.123444 0.887514 0.107192 0.611111
747 0.170124 0.884213 0.139696 0.607811
566 0.23444 0.878713 0.193638 0.60451
71 0.320539 0.876238 0.251037 0.59846
215 0.393845 0.871837 0.292531 0.594059
10 0.456086 0.867162 0.332642 0.592409
1 0.112725 0.915017 0.095436 0.619912
464 0.155947 0.915842 0.127939 0.624862
110 0.21231 0.911716 0.174274 0.625413
86 0.280429 0.906491 0.227524 0.619362
661 0.367911 0.900165 0.26556 0.615512
24 0.437068 0.894389 0.33195 0.612761
1 0.118257 0.944444 0.106501 0.641364
808 0.17047 0.943344 0.144537 0.644664
142 0.244122 0.942519 0.20332 0.644114
85 0.344053 0.932343 0.270401 0.636964
24 0.435339 0.923817 0.329876 0.630913
839 0.109613 0.980748 0.089212 0.672167
89 0.155947 0.976898 0.140387 0.667767
24 0.223375 0.975248 0.196404 0.666667
89 0.308437 0.967547 0.236515 0.661166
248 0.364799 0.964521 0.273167 0.658416
464 0.420124 0.957371 0.30083 0.652915
494 0.463347 0.95242 0.333333 0.652915
258 0.124136 1.011276 0.112725 0.689219
248 0.188105 1.006876 0.160443 0.687019
1 0.241701 1.006326 0.177732 0.682618
599 0.278008 0.999175 0.214385 0.688119
358 0.331604 0.99835 0.246888 0.680968
98 0.397303 0.989549 0.291148 0.675468
141 0.45332 0.985149 0.329876 0.674367
839 0.110996 1.043454 0.090595 0.713971
110 0.147649 1.040979 0.130705 0.713421
808 0.207815 1.040154 0.16805 0.708471
1 0.249654 1.039604 0.181189 0.706271
599 0.283195 1.033553 0.215076 0.705171
358 0.331604 1.029978 0.242739 0.70242
766 0.386929 1.022827 0.292531 0.70022
661 0.439488 1.017602 0.304979 0.693069
839 0.465422 1.015952 0.329184 0.693069
839 0.106846 1.076733 0.087828 0.735424
248 0.147994 1.073432 0.130014 0.731023
223 0.20816 1.071507 0.164592 0.731573
358 0.262794 1.070682 0.210235 0.728823
490 0.355809 1.063256 0.275934 0.724972
464 0.426349 1.057206 0.302213 0.721672
466 0.467151 1.055281 0.338174 0.716722
566 0.117911 1.120187 0.107192 0.762926
598 0.166667 1.117437 0.131397 0.761826
252 0.204703 1.116062 0.153527 0.757976
10 0.267289 1.117712 0.197095 0.756876
747 0.306708 1.115237 0.227524 0.759626
89 0.357538 1.110011 0.264177 0.756876
248 0.400069 1.106711 0.293914 0.754675
724 0.437068 1.105611 0.308437 0.751375
260 0.469917 1.10066 0.332642 0.748075
258 0.50657 1.09516 0.356155 0.744774
266 0.129668 1.152365 0.11964 0.783278
71 0.245159 1.145765 0.197095 0.777778
215 0.357538 1.141639 0.272476 0.773927
10 0.438797 1.138339 0.332642 0.771727
266 0.133126 1.189219 0.126556 0.810781
578 0.194675 1.188394 0.147303 0.808031
1 0.227178 1.185094 0.158368 0.80473
151 0.245505 1.185919 0.182573 0.80418
89 0.315698 1.180418 0.238589 0.80308
248 0.367911 1.177943 0.272476 0.79923
464 0.42462 1.173542 0.302905 0.79703
494 0.469917 1.172167 0.338174 0.79648
110 0.127248 1.222222 0.113416 0.831683
127 0.188451 1.217547 0.159751 0.828933
111 0.256916 1.214796 0.202628 0.824532
566 0.319156 1.213696 0.241355 0.826733
708 0.370678 1.208746 0.266943 0.823432
578 0.401452 1.205996 0.285615 0.823432
1 0.426003 1.206271 0.290456 0.815182
151 0.449516 1.205446 0.326418 0.821232
561 0.215768 1.252475 0.181189 0.853685
14 0.280429 1.250825 0.217842 0.849285
636 0.341286 1.2478 0.264869 0.847635
631 0.399723 1.242024 0.284924 0.847085
839 0.432573 1.242574 0.302213 0.847085
561 0.461964 1.237349 0.326418 0.843234
110 0.49758 1.235699 0.347856 0.846535
142 0.286307 1.283278 0.22545 0.872387
350 0.363416 1.279153 0.277317 0.868537
589 0.427732 1.276953 0.310512 0.866337
24 0.475104 1.274752 0.344398 0.864136
10 0.305671 1.310231 0.239281 0.889989
24 0.426694 1.30253 0.326418 0.880088
127 0.345436 1.327008 0.271784 0.89934
24 0.430844 1.325908 0.325035 0.89824
839 0.402144 1.362761 0.280083 0.923542
110 0.429806 1.358086 0.306362 0.921892
808 0.467151 1.354785 0.332642 0.916392
86 0.360996 1.361386 0.264177 0.922992
89 0.542531 0.158966 0.386584 0.121012
1 0.603389 0.161441 0.430844 0.123762
753 0.652144 0.156766 0.455048 0.122112
24 0.696404 0.153465 0.484094 0.117712
1 0.539765 0.194169 0.382434 0.143014
181 0.587137 0.19747 0.416321 0.147415
491 0.644882 0.189494 0.461272 0.141364
511 0.701591 0.180968 0.490318 0.135314
1 0.5574 0.224422 0.412172 0.159516
552 0.63278 0.217272 0.450899 0.160616
561 0.714385 0.211221 0.510373 0.156216
110 0.542185 0.250275 0.390041 0.184818
590 0.597856 0.250275 0.429461 0.187019
726 0.671162 0.24725 0.488935 0.179868
24 0.752075 0.237899 0.530429 0.173267
1 0.808091 0.235699 0.560858 0.171067
498 0.539073 0.287404 0.387967 0.208471
561 0.601314 0.284103 0.432227 0.205171
380 0.65491 0.278603 0.460581 0.20187
635 0.717497 0.275303 0.517981 0.19967
127 0.798064 0.262651 0.562932 0.194169
490 0.538728 0.320132 0.381743 0.228823
248 0.586445 0.316557 0.419087 0.226073
737 0.629322 0.313256 0.449516 0.222772
348 0.685339 0.306656 0.496542 0.219472
24 0.747234 0.30088 0.526279 0.215622
89 0.794952 0.29703 0.559474 0.216722
381 0.853043 0.295105 0.602351 0.216172
566 0.550484 0.35451 0.396957 0.253575
598 0.603389 0.35341 0.422545 0.257976
252 0.642462 0.352035 0.449516 0.249725
883 0.684302 0.344609 0.483402 0.249175
181 0.738935 0.347085 0.517981 0.246425
261 0.792877 0.344059 0.556708 0.244774
815 0.843015 0.339659 0.587828 0.242574
859 0.887621 0.335809 0.609267 0.242574
839 0.91805 0.336634 0.627248 0.240924
644 0.947787 0.333058 0.657676 0.240374
255 0.66805 0.378713 0.477178 0.267877
883 0.72787 0.370462 0.508299 0.265677
71 0.782849 0.371287 0.561549 0.264026
215 0.868949 0.366612 0.609267 0.256876
10 0.934647 0.365512 0.659059 0.261276
142 0.545643 0.431243 0.39834 0.30473
252 0.602697 0.425468 0.423928 0.29868
859 0.641425 0.422717 0.444675 0.29868
127 0.684302 0.417492 0.493084 0.29813
248 0.760719 0.414191 0.542185 0.293729
748 0.82296 0.411441 0.560166 0.291529
1 0.8361 0.412816 0.564315 0.285479
151 0.859613 0.410341 0.593361 0.290429
92 0.90249 0.40319 0.62379 0.286029
1 0.94917 0.400165 0.659059 0.281078
266 0.555671 0.458471 0.414246 0.322882
260 0.653181 0.45462 0.475104 0.319582
142 0.746542 0.44857 0.531812 0.312981
252 0.799101 0.44747 0.551176 0.311881
724 0.836791 0.445545 0.57953 0.311331
71 0.881051 0.439494 0.611342 0.308031
215 0.917704 0.434818 0.627939 0.30308
10 0.95332 0.430693 0.668741 0.30363
566 0.605463 0.5033 0.43361 0.353135
598 0.657676 0.496975 0.457815 0.352585
252 0.696058 0.494224 0.483402 0.345985
681 0.733748 0.490649 0.51314 0.346535
142 0.786653 0.489549 0.556708 0.343234
98 0.837137 0.482948 0.578838 0.341034
589 0.874827 0.480473 0.603043 0.340484
474 0.913209 0.479098 0.634163 0.336634
89 0.951245 0.476348 0.650761 0.335534
589 0.984094 0.473872 0.680498 0.334983
566 0.557746 0.542354 0.403181 0.380638
71 0.613071 0.539879 0.436376 0.372387
561 0.672199 0.533553 0.479945 0.371837
511 0.73029 0.527778 0.515906 0.370187
839 0.779391 0.528328 0.533887 0.367987
132 0.81397 0.524477 0.569848 0.366887
661 0.848202 0.522277 0.582988 0.364686
260 0.895228 0.518702 0.642462 0.361936
566 0.627939 0.565457 0.460581 0.391639
643 0.701245 0.559956 0.506224 0.390539
118 0.776625 0.559406 0.551867 0.388339
578 0.851314 0.55253 0.591978 0.385589
754 0.894191 0.55033 0.61964 0.385589
380 0.946058 0.54593 0.6639 0.384488
89 0.544952 0.615787 0.396957 0.430693
248 0.601314 0.609186 0.434993 0.425193
464 0.656639 0.607536 0.459889 0.424092
494 0.70574 0.603685 0.502766 0.420792
748 0.780083 0.602585 0.540802 0.418592
1 0.803942 0.606436 0.54426 0.416392
151 0.830913 0.599285 0.584371 0.418592
92 0.886238 0.594334 0.621715 0.415292
1 0.9426 0.592134 0.648686 0.408691
576 0.978562 0.588834 0.666667 0.406491
839 0.534924 0.652365 0.379668 0.454345
110 0.577109 0.647415 0.412863 0.451045
808 0.625173 0.64659 0.443983 0.448295
10 0.672545 0.644389 0.473721 0.446095
164 0.728907 0.638889 0.522822 0.444994
469 0.818465 0.634763 0.582988 0.443344
181 0.890733 0.631738 0.626556 0.439494
24 0.951591 0.627613 0.672199 0.438944
839 0.5287 0.689219 0.375519 0.480748
561 0.603389 0.681793 0.450207 0.472497
580 0.748271 0.671067 0.572614 0.464246
580 0.905947 0.662541 0.673582 0.455996
469 0.532503 0.722222 0.385892 0.50165
411 0.597165 0.715347 0.443292 0.4956
754 0.676694 0.712871 0.479253 0.492849
566 0.734786 0.70022 0.531812 0.486249
599 0.805671 0.69692 0.578147 0.482948
358 0.862033 0.693344 0.607884 0.479098
24 0.935685 0.686469 0.66805 0.473047
839 0.522476 0.759626 0.371369 0.526953
856 0.571577 0.756876 0.410097 0.524752
142 0.627593 0.746975 0.447441 0.517052
736 0.682573 0.744499 0.495159 0.513201
737 0.753458 0.736249 0.531812 0.508801
252 0.826072 0.732398 0.576072 0.505501
883 0.869986 0.728548 0.605809 0.5044
392 0.921162 0.721672 0.647303 0.50165
24 0.97545 0.715347 0.681189 0.4956
86 0.541494 0.793179 0.405256 0.547855
466 0.661134 0.783828 0.495159 0.541254
567 0.768672 0.770077 0.552559 0.534653
24 0.852006 0.767602 0.615491 0.528603
380 0.945712 0.758251 0.674274 0.523102
60 0.51971 0.831683 0.376902 0.576458
10 0.577455 0.827833 0.412172 0.570957
754 0.630014 0.824532 0.452282 0.569857
553 0.69917 0.818207 0.497925 0.563806
754 0.76314 0.814631 0.545643 0.562156
469 0.834371 0.805831 0.58852 0.555556
181 0.89592 0.79978 0.628631 0.552255
260 0.947095 0.79923 0.668741 0.555556
560 0.533887 0.865237 0.394191 0.59626
118 0.608921 0.858636 0.440526 0.588559
118 0.672545 0.849835 0.479253 0.584158
16 0.738589 0.84626 0.529737 0.585809
560 0.796335 0.845435 0.562241 0.583058
248 0.849585 0.841859 0.595436 0.583608
767 0.906293 0.839109 0.634163 0.579208
661 0.945021 0.835809 0.643845 0.575908
24 0.978562 0.832783 0.684647 0.574257
10 0.51971 0.90429 0.369986 0.617162
711 0.562586 0.89934 0.397649 0.617162
1 0.602351 0.894114 0.414938 0.608911
540 0.642116 0.889164 0.462656 0.611111
24 0.709544 0.883113 0.520055 0.606711
10 0.772822 0.890264 0.54426 0.613311
596 0.827801 0.879813 0.583679 0.607811
1 0.862033 0.885314 0.592669 0.60121
2 0.891425 0.880088 0.611342 0.609461
30 0.919087 0.876238 0.636238 0.605061
24 0.97545 0.869362 0.688105 0.59791
60 0.516598 0.937569 0.370678 0.646315
10 0.576072 0.930418 0.413555 0.639714
754 0.627593 0.926568 0.447441 0.640814
553 0.685339 0.921617 0.484094 0.632013
754 0.736515 0.919417 0.515906 0.629813
1 0.7787 0.919692 0.532503 0.627063
113 0.808783 0.913916 0.559474 0.624312
118 0.855809 0.914741 0.598202 0.627063
113 0.906985 0.911716 0.625864 0.627613
118 0.947095 0.914191 0.659059 0.627063
24 1.003112 0.90209 0.69917 0.620462
252 0.51314 0.970572 0.367911 0.665017
851 0.558437 0.966722 0.394882 0.665017
15 0.616183 0.960121 0.448133 0.661716
545 0.698133 0.955171 0.506916 0.658416
24 0.775934 0.952695 0.558783 0.654565
437 0.865837 0.94637 0.605809 0.647415
221 0.918396 0.944994 0.639004 0.649065
16 0.970609 0.944444 0.683956 0.646865
1 0.511757 1.012926 0.356846 0.691419
663 0.555325 1.007151 0.409405 0.693069
839 0.620332 1.00275 0.434302 0.688669
753 0.657331 0.996425 0.458506 0.684818
812 0.699516 0.9978 0.497234 0.685369
118 0.761411 0.993399 0.542185 0.682068
89 0.826763 0.985699 0.581604 0.678768
248 0.882089 0.982123 0.621715 0.676018
221 0.935685 0.980473 0.64592 0.669417
755 0.983057 0.979098 0.686722 0.672167
98 0.524205 1.044004 0.383126 0.716172
86 0.591286 1.037954 0.42462 0.711771
636 0.660788 1.030528 0.484786 0.706821
724 0.741701 1.026953 0.52213 0.70297
825 0.789419 1.028878 0.54426 0.70352
754 0.850968 1.021177 0.606501 0.69912
24 0.938797 1.016227 0.672891 0.69582
839 0.536999 1.081133 0.376902 0.740924
110 0.577109 1.073982 0.410097 0.736524
839 0.622407 1.075633 0.434302 0.734323
839 0.659751 1.068757 0.456432 0.733773
724 0.705394 1.062981 0.506224 0.729923
350 0.782158 1.057206 0.556017 0.719472
682 0.859959 1.05143 0.620332 0.721122
10 0.917704 1.053355 0.636238 0.721672
380 0.971992 1.04978 0.682573 0.716722
839 0.529737 1.119362 0.372061 0.765677
110 0.568119 1.115237 0.403181 0.762926
808 0.621369 1.111386 0.446058 0.759626
10 0.684647 1.103135 0.482711 0.755226
747 0.736169 1.094884 0.519364 0.751925
566 0.809474 1.088834 0.576072 0.746425
71 0.868949 1.088559 0.607884 0.741474
215 0.912863 1.089659 0.629322 0.739274
10 0.961618 1.082233 0.674274 0.740924
1 0.51971 1.15484 0.357538 0.786029
151 0.543914 1.151815 0.386584 0.784378
469 0.596473 1.14659 0.423928 0.780528
181 0.65249 1.141364 0.465422 0.777778
24 0.710235 1.136964 0.511757 0.772277
490 0.801521 1.130363 0.573997 0.768977
172 0.876556 1.125688 0.614799 0.766227
724 0.938451 1.117712 0.658368 0.762376
259 0.540111 1.185094 0.394191 0.805831
631 0.591978 1.177118 0.413555 0.80418
511 0.640733 1.174092 0.458506 0.80033
24 0.704703 1.172717 0.510373 0.79978
839 0.7787 1.163091 0.532503 0.792629
248 0.815698 1.160891 0.573306 0.790429
851 0.871369 1.157316 0.596127 0.786579
127 0.904219 1.15374 0.630014 0.783828
24 0.956086 1.15044 0.670124 0.782728
89 0.533887 1.215072 0.384509 0.828383
248 0.59509 1.213971 0.426694 0.823982
464 0.650761 1.209021 0.453665 0.823982
596 0.698133 1.20462 0.498617 0.822882
110 0.779046 1.196095 0.553942 0.817932
252 0.837828 1.191144 0.584371 0.811331
561 0.890733 1.191144 0.621024 0.813531
839 0.93603 1.187294 0.638313 0.812431
380 0.9713 1.182618 0.67704 0.809681
839 0.525588 1.25385 0.366528 0.856436
839 0.559474 1.25275 0.391425 0.855336
567 0.650415 1.244224 0.462656 0.847085
490 0.714039 1.241199 0.515214 0.844334
110 0.793223 1.231298 0.560166 0.842134
127 0.857884 1.227173 0.609267 0.837184
111 0.932918 1.223322 0.656985 0.830583
566 0.540111 1.289054 0.395574 0.874037
252 0.607538 1.282728 0.430844 0.869087
736 0.671162 1.275578 0.482019 0.865787
14 0.747925 1.270902 0.531812 0.864136
253 0.828492 1.263201 0.589212 0.856436
380 0.926003 1.255226 0.658368 0.851485
839 0.525934 1.325083 0.368603 0.89879
110 0.568811 1.317107 0.405947 0.894939
808 0.62379 1.312981 0.44675 0.892189
99 0.719571 1.30143 0.512448 0.884488
89 0.784232 1.297305 0.5574 0.880638
808 0.853043 1.294004 0.602351 0.879538
661 0.900069 1.286304 0.620332 0.872937
380 0.944675 1.281903 0.662517 0.871837
828 0.531812 1.355611 0.383126 0.916942
737 0.591632 1.352585 0.425311 0.917492
490 0.649723 1.34791 0.465422 0.913641
589 0.713001 1.338284 0.502075 0.910891
812 0.762794 1.338284 0.539419 0.909791
661 0.80325 1.330583 0.549793 0.90319
737 0.837483 1.328383 0.582296 0.90099
252 0.872061 1.327283 0.596127 0.89659
464 0.899378 1.322607 0.618949 0.89714
380 0.929806 1.320132 0.638313 0.894389
661 0.954703 1.312706 0.652144 0.893839
589 0.985823 1.314631 0.678423 0.894389
839 0.528008 1.382838 0.365837 0.937294
110 0.558437 1.380363 0.393499 0.938944
808 0.602697 1.383113 0.426694 0.937844
10 0.648686 1.378713 0.450899 0.935644
464 0.694329 1.374312 0.496542 0.932343
164 0.763485 1.367437 0.538036 0.928493
543 0.823651 1.360561 0.573997 0.923542
242 0.883472 1.356711 0.627248 0.921342
598 0.948479 1.35176 0.663209 0.921342
839 0.766252 1.401265 0.53112 0.949945
380 0.843015 1.393564 0.604426 0.945545
252 0.60823 1.409241 0.426694 0.952695
561 0.673582 1.40484 0.495159 0.951595
808 1.012794 0.377063 0.696404 0.268977
839 1.00657 0.411441 0.689488 0.293729
110 1.043914 0.404565 0.7213 0.287679
258 1.021093 0.441419 0.711618 0.314081
248 1.084025 0.439219 0.757261 0.308581
142 1.161134 0.427393 0.811895 0.30363
839 1.017635 0.477998 0.695021 0.336634
110 1.054633 0.470847 0.73444 0.334433
808 1.109613 0.468097 0.775242 0.331133
10 1.174274 0.461771 0.814661 0.325083
566 1.019018 0.521452 0.704703 0.365237
598 1.069502 0.511551 0.736515 0.361936
252 1.114454 0.511551 0.761411 0.357536
883 1.146266 0.507976 0.782158 0.359186
10 1.188451 0.510451 0.812586 0.355336
172 1.225104 0.505776 0.844398 0.354785
839 1.270401 0.500825 0.864454 0.352585
71 1.090249 0.544829 0.771093 0.377888
599 1.177386 0.541254 0.819502 0.374037
71 1.252075 0.535204 0.870678 0.370737
839 1.010028 0.594334 0.690871 0.415292
110 1.048409 0.589934 0.726141 0.410891
808 1.09509 0.588559 0.755878 0.411441
10 1.146957 0.586634 0.79184 0.408691
747 1.194675 0.582783 0.825035 0.406491
561 1.258645 0.573157 0.875519 0.39934
748 1.007607 0.632563 0.687414 0.440044
1 1.03112 0.633113 0.698479 0.435644
151 1.057746 0.629263 0.728216 0.436744
92 1.10408 0.619637 0.764177 0.431793
1 1.159751 0.619912 0.811895 0.425743
708 1.22787 0.612761 0.841632 0.424642
578 1.281812 0.606161 0.87621 0.422442
1 1.02213 0.665567 0.70816 0.460946
71 1.082988 0.657316 0.759336 0.455446
599 1.16148 0.64604 0.804288 0.447195
71 1.216459 0.643289 0.839557 0.446095
71 1.279391 0.638889 0.878285 0.443894
71 1.033887 0.693069 0.719225 0.479648
496 1.09509 0.693344 0.758645 0.479098
856 1.154219 0.681793 0.795297 0.473597
71 1.21888 0.674642 0.848548 0.468097
215 1.285961 0.670792 0.884509 0.462596
596 1.017289 0.734598 0.699862 0.509901
754 1.066736 0.727448 0.737898 0.5033
726 1.151452 0.715622 0.828492 0.49725
808 1.260028 0.705721 0.871369 0.489549
661 1.309129 0.69582 0.893499 0.480748
98 1.032849 0.766227 0.7213 0.528053
10 1.096819 0.765402 0.760719 0.528603
110 1.149032 0.755776 0.797372 0.524752
754 1.20574 0.7511 0.83195 0.520902
561 1.264177 0.745875 0.871369 0.514851
511 1.318465 0.737074 0.908022 0.508251
839 1.018672 0.806381 0.694329 0.554455
110 1.059129 0.79923 0.737898 0.552255
748 1.114799 0.800605 0.757953 0.550605
1 1.137967 0.80088 0.768326 0.543454
151 1.165284 0.793179 0.80083 0.546755
92 1.211618 0.783828 0.831259 0.541254
1 1.258299 0.784103 0.860996 0.535204
266 1.310166 0.769527 0.905256 0.533553
260 1.363762 0.766502 0.930844 0.528603
839 1.036999 0.838834 0.713001 0.576458
561 1.122061 0.823157 0.800138 0.569307
10 1.243776 0.815732 0.88036 0.558856
110 1.33852 0.80143 0.930152 0.553355
172 1.056362 0.870462 0.735131 0.59571
223 1.114454 0.863311 0.766943 0.591309
16 1.180152 0.850935 0.826418 0.585259
504 1.253112 0.842684 0.864454 0.580858
248 1.309474 0.839109 0.89834 0.575908
511 1.068465 0.898515 0.745505 0.615512
358 1.145574 0.891639 0.797372 0.614961
86 1.216459 0.884763 0.838174 0.608911
839 1.268326 0.881188 0.863071 0.606161
110 1.304979 0.874587 0.896266 0.60066
808 1.357538 0.871837 0.925311 0.59956
98 1.052905 0.935644 0.728216 0.640264
579 1.102697 0.932618 0.754495 0.639714
248 1.222683 0.922442 0.847856 0.631463
24 1.307054 0.910066 0.923928 0.625413
736 1.050138 0.969197 0.729599 0.661166
136 1.117911 0.963696 0.783541 0.662266
596 1.1926 0.959571 0.823651 0.661716
839 1.253112 0.952145 0.853389 0.652365
110 1.297026 0.945545 0.899723 0.646865
808 1.365145 0.937019 0.937759 0.643014
566 1.045643 1.00055 0.739972 0.684268
596 1.113762 0.996975 0.76971 0.683718
753 1.173237 0.993674 0.81397 0.681518
726 1.25242 0.985149 0.881051 0.674367
808 1.333679 0.975798 0.914938 0.667767
589 1.381397 0.964246 0.9426 0.664466
98 1.039419 1.033278 0.724758 0.706821
10 1.099931 1.033553 0.758645 0.706271
110 1.154564 1.027778 0.798755 0.70462
754 1.213693 1.024752 0.836791 0.70297
561 1.276625 1.017602 0.883817 0.69637
511 1.337483 1.007151 0.923928 0.689769
469 1.031466 1.073432 0.711618 0.731023
891 1.078838 1.066282 0.751037 0.734323
851 1.133126 1.069032 0.776625 0.735424
24 1.184302 1.062156 0.833333 0.724972
1 1.243776 1.060231 0.843015 0.720022
737 1.283887 1.05253 0.884509 0.718922
248 1.330913 1.044829 0.919087 0.714521
10 1.378976 1.042904 0.941909 0.711771
511 1.036999 1.105886 0.728216 0.758526
580 1.097165 1.10176 0.760028 0.753575
589 1.156293 1.09846 0.804979 0.752475
296 1.237552 1.092134 0.870678 0.745325
118 1.320194 1.084983 0.914246 0.740924
261 1.385892 1.077283 0.947441 0.735424
1 1.033195 1.144114 0.70816 0.776678
552 1.078147 1.142739 0.746888 0.778328
181 1.137621 1.139164 0.789765 0.776678
737 1.194675 1.133113 0.833333 0.773377
566 1.27213 1.125688 0.888658 0.766227
745 1.335408 1.119912 0.91148 0.765677
141 1.381397 1.115237 0.948133 0.761826
1 1.026279 1.183443 0.699862 0.80363
545 1.073997 1.179593 0.753804 0.80473
10 1.147994 1.176018 0.789765 0.79978
498 1.197441 1.168042 0.826418 0.79593
839 1.245851 1.161716 0.845781 0.793179
856 1.28112 1.159516 0.883126 0.789879
142 1.341286 1.149615 0.931535 0.787679
112 1.023167 1.212321 0.711618 0.828383
828 1.090595 1.212046 0.762102 0.824532
566 1.178769 1.205171 0.820885 0.820682
348 1.254495 1.193619 0.878285 0.812981
753 1.331259 1.189494 0.908714 0.809131
724 1.380014 1.184268 0.948133 0.805281
1 1.021438 1.251925 0.698479 0.844884
724 1.069848 1.2467 0.748271 0.845435
748 1.126902 1.240099 0.766943 0.844334
1 1.145574 1.243674 0.773859 0.839384
151 1.172891 1.239824 0.807746 0.843784
92 1.222683 1.230198 0.839557 0.838834
1 1.263485 1.232673 0.860304 0.831683
708 1.300484 1.221122 0.892808 0.829483
578 1.346473 1.212871 0.917012 0.826183
1 1.371024 1.219747 0.92047 0.822332
151 1.393154 1.213971 0.948133 0.827283
490 1.041494 1.275853 0.73444 0.865237
859 1.113416 1.272552 0.764869 0.865237
110 1.179461 1.264851 0.829184 0.859736
552 1.270747 1.257701 0.878976 0.854235
511 1.358575 1.25 0.9426 0.853135
737 1.032849 1.304455 0.718534 0.886139
252 1.089903 1.30418 0.75657 0.884488
839 1.137967 1.30143 0.775242 0.885589
141 1.180498 1.296205 0.820194 0.882838
498 1.241701 1.293454 0.851314 0.878438
566 1.290456 1.288229 0.88935 0.874587
184 1.343361 1.285754 0.92047 0.870737
350 1.390387 1.282178 0.94675 0.870187
839 1.033541 1.339659 0.710235 0.910341
856 1.089212 1.331958 0.75657 0.907041
142 1.193292 1.328933 0.8361 0.90209
16 1.334371 1.316282 0.934302 0.892189
89 1.042531 1.369637 0.729599 0.927393
248 1.111687 1.364136 0.775242 0.925193
464 1.176003 1.358636 0.805671 0.920792
494 1.225104 1.356986 0.85408 0.920792
266 1.346473 1.342684 0.940526 0.914191
127 1.049101 1.391089 0.742739 0.942794
736 1.140733 1.389989 0.798755 0.941694
14 1.230982 1.387514 0.858921 0.940044
127 1.332296 1.374587 0.932918 0.935094
89 1.053942 1.419142 0.745505 0.958196
85 1.241355 1.413366 0.869986 0.954345
262 0.343707 0.256326 0.266943 0.185919
635 0.625173 0.122662 0.450899 0.09681
10 0.480636 1.385039 0.344398 0.938394
380 0.423928 0.220572 0.308437 0.166117
589 0.469571 0.219472 0.344398 0.168317
496 0.349239 0.287129 0.264177 0.209021
380 0.425311 0.275028 0.322268 0.20462
578 0.443983 0.243124 0.320885 0.178218
266 0.298755 0.339934 0.237898 0.244224
578 0.384509 0.333883 0.282158 0.238724
578 0.450207 0.327833 0.322268 0.235424
464 0.295297 0.367437 0.233748 0.259626
596 0.43361 0.359186 0.319502 0.254125
635 0.179806 0.40319 0.152144 0.289329
859 0.226141 0.39659 0.164592 0.284928
839 0.248271 0.393839 0.178423 0.283828
111 0.2787 0.390539 0.217151 0.279428
566 0.3361 0.389989 0.251729 0.276128
252 0.379668 0.386689 0.272476 0.273927
736 0.414938 0.383938 0.298755 0.272827
14 0.45574 0.380638 0.327801 0.272827
24 0.492393 0.377888 0.345781 0.271727
839 0.520055 0.378438 0.356846 0.267327
380 0.541148 0.381463 0.381051 0.268977
839 0.111687 0.44802 0.090595 0.317382
99 0.142116 0.440869 0.121024 0.309681
580 0.182227 0.435919 0.147303 0.307481
869 0.219917 0.434818 0.168741 0.308581
89 0.270747 0.434268 0.210927 0.306381
127 0.327109 0.425468 0.253112 0.30088
16 0.39177 0.421617 0.293914 0.29758
580 0.443983 0.411166 0.316736 0.293179
661 0.478216 0.414191 0.329876 0.293729
380 0.496888 0.413091 0.352006 0.293729
110 0.125173 0.477998 0.109267 0.338834
24 0.190526 0.471122 0.16805 0.329483
111 0.288382 0.460396 0.236515 0.324532
589 0.38036 0.454345 0.29184 0.320132
24 0.453665 0.450495 0.345781 0.314631
737 0.11964 0.510176 0.099585 0.355886
252 0.151452 0.507426 0.116183 0.354785
859 0.182918 0.507151 0.14177 0.356436
636 0.224758 0.50165 0.186722 0.349835
89 0.287344 0.494224 0.219225 0.343784
142 0.330567 0.492849 0.250346 0.344334
566 0.389004 0.487349 0.289765 0.339934
20 0.432573 0.483223 0.313278 0.339384
905 0.483748 0.479098 0.353389 0.336634
1 0.121024 0.543454 0.098202 0.372937
724 0.162517 0.537129 0.134163 0.370187
701 0.211272 0.534378 0.162517 0.367987
825 0.25 0.530803 0.179115 0.366337
754 0.276971 0.528053 0.205394 0.365237
24 0.32953 0.523377 0.255187 0.363586
252 0.384509 0.522277 0.272476 0.360286
496 0.422545 0.517877 0.302905 0.359186
491 0.467842 0.514576 0.338174 0.356986
511 0.512794 0.509076 0.360304 0.354785
111 0.555325 0.506876 0.392808 0.352585
10 0.127248 0.567107 0.109267 0.391639
562 0.175311 0.562156 0.143154 0.391639
553 0.235823 0.561331 0.189488 0.388889
596 0.298409 0.55143 0.224758 0.384488
839 0.359959 0.55143 0.255187 0.383388
110 0.39592 0.54593 0.293914 0.381188
808 0.459198 0.545105 0.337483 0.376238
839 0.118603 0.600935 0.093361 0.419692
110 0.148686 0.59571 0.121715 0.415842
808 0.187414 0.59626 0.150761 0.413641
10 0.234094 0.591584 0.180498 0.410891
747 0.276279 0.587734 0.20816 0.409791
566 0.334025 0.582508 0.255878 0.40264
71 0.394537 0.580308 0.295297 0.40264
215 0.434993 0.576733 0.307054 0.39659
10 0.476487 0.573707 0.348548 0.39934
566 0.141425 0.633663 0.133472 0.438944
110 0.228562 0.621012 0.187414 0.433443
24 0.30325 0.621562 0.244122 0.431243
111 0.372752 0.613036 0.286307 0.427393
589 0.433264 0.604785 0.314661 0.419692
24 0.475795 0.606436 0.344398 0.420792
1 0.116874 0.664191 0.092669 0.455996
724 0.15249 0.663916 0.12379 0.456546
701 0.189834 0.658966 0.148686 0.454345
825 0.225104 0.658966 0.162517 0.453245
754 0.254149 0.655666 0.187414 0.453245
24 0.299793 0.654565 0.233057 0.453245
127 0.35823 0.644664 0.266943 0.446645
590 0.412517 0.640814 0.298064 0.444444
111 0.457123 0.638889 0.325035 0.442794
661 0.490318 0.637789 0.341632 0.442794
380 0.512102 0.638339 0.356155 0.440594
839 0.116528 0.692519 0.094744 0.480748
839 0.152144 0.693619 0.116183 0.478548
490 0.195367 0.690594 0.161134 0.475798
589 0.260719 0.686744 0.204703 0.475798
736 0.332642 0.680418 0.253112 0.467547
807 0.387275 0.678218 0.286307 0.466447
358 0.427732 0.671067 0.306362 0.462046
260 0.473375 0.669417 0.339557 0.462046
566 0.13278 0.721947 0.123098 0.4967
127 0.219917 0.713146 0.186722 0.493399
99 0.300484 0.711496 0.235823 0.488999
14 0.362033 0.711771 0.271784 0.487349
253 0.418741 0.705446 0.307746 0.484598
380 0.475795 0.702145 0.341632 0.482398
1 0.120332 0.757426 0.094053 0.518152
663 0.168741 0.753025 0.153527 0.518152
631 0.21888 0.751925 0.161134 0.518152
89 0.251037 0.749175 0.192254 0.518152
248 0.296335 0.745325 0.226141 0.514851
140 0.353734 0.737899 0.270401 0.508801
15 0.416667 0.737899 0.311895 0.508801
661 0.452282 0.740649 0.31397 0.5044
380 0.479599 0.738999 0.343707 0.508801
839 0.117566 0.790429 0.092669 0.546755
110 0.149378 0.786029 0.124481 0.542354
808 0.197441 0.784103 0.155602 0.539604
10 0.246542 0.786029 0.19018 0.541254
747 0.288728 0.781903 0.217842 0.540704
566 0.346473 0.777503 0.261411 0.534103
71 0.400761 0.775303 0.295297 0.530803
215 0.43361 0.774202 0.307054 0.524202
10 0.472337 0.771452 0.341632 0.529703
110 0.129322 0.821782 0.109267 0.565457
24 0.171853 0.819582 0.143154 0.559956
111 0.215768 0.814631 0.170124 0.558856
589 0.260719 0.817107 0.19917 0.562706
24 0.312932 0.813256 0.244122 0.557206
490 0.377248 0.807481 0.280083 0.553355
24 0.426003 0.806656 0.307054 0.552805
839 0.461964 0.80143 0.318119 0.552255
851 0.484786 0.79978 0.341632 0.551155
839 0.118257 0.856161 0.094053 0.588009
561 0.16148 0.852035 0.14177 0.584158
110 0.215076 0.848185 0.170124 0.584158
24 0.26971 0.84901 0.218534 0.582508
839 0.376556 0.841034 0.266252 0.580858
110 0.40491 0.835809 0.295297 0.577008
808 0.459198 0.837184 0.333333 0.575358
10 0.123444 0.887514 0.107192 0.611111
747 0.170124 0.884213 0.139696 0.607811
566 0.23444 0.878713 0.193638 0.60451
71 0.320539 0.876238 0.251037 0.59846
215 0.393845 0.871837 0.292531 0.594059
10 0.456086 0.867162 0.332642 0.592409
1 0.112725 0.915017 0.095436 0.619912
464 0.155947 0.915842 0.127939 0.624862
110 0.21231 0.911716 0.174274 0.625413
86 0.280429 0.906491 0.227524 0.619362
661 0.367911 0.900165 0.26556 0.615512
24 0.437068 0.894389 0.33195 0.612761
1 0.118257 0.944444 0.106501 0.641364
808 0.17047 0.943344 0.144537 0.644664
142 0.244122 0.942519 0.20332 0.644114
85 0.344053 0.932343 0.270401 0.636964
24 0.435339 0.923817 0.329876 0.630913
839 0.109613 0.980748 0.089212 0.672167
89 0.155947 0.976898 0.140387 0.667767
24 0.223375 0.975248 0.196404 0.666667
89 0.308437 0.967547 0.236515 0.661166
248 0.364799 0.964521 0.273167 0.658416
464 0.420124 0.957371 0.30083 0.652915
494 0.463347 0.95242 0.333333 0.652915
258 0.124136 1.011276 0.112725 0.689219
248 0.188105 1.006876 0.160443 0.687019
1 0.241701 1.006326 0.177732 0.682618
599 0.278008 0.999175 0.214385 0.688119
358 0.331604 0.99835 0.246888 0.680968
98 0.397303 0.989549 0.291148 0.675468
141 0.45332 0.985149 0.329876 0.674367
839 0.110996 1.043454 0.090595 0.713971
110 0.147649 1.040979 0.130705 0.713421
808 0.207815 1.040154 0.16805 0.708471
1 0.249654 1.039604 0.181189 0.706271
599 0.283195 1.033553 0.215076 0.705171
358 0.331604 1.029978 0.242739 0.70242
766 0.386929 1.022827 0.292531 0.70022
661 0.439488 1.017602 0.304979 0.693069
839 0.465422 1.015952 0.329184 0.693069
839 0.106846 1.076733 0.087828 0.735424
248 0.147994 1.073432 0.130014 0.731023
223 0.20816 1.071507 0.164592 0.731573
358 0.262794 1.070682 0.210235 0.728823
490 0.355809 1.063256 0.275934 0.724972
464 0.426349 1.057206 0.302213 0.721672
466 0.467151 1.055281 0.338174 0.716722
566 0.117911 1.120187 0.107192 0.762926
598 0.166667 1.117437 0.131397 0.761826
252 0.204703 1.116062 0.153527 0.757976
10 0.267289 1.117712 0.197095 0.756876
747 0.306708 1.115237 0.227524 0.759626
89 0.357538 1.110011 0.264177 0.756876
248 0.400069 1.106711 0.293914 0.754675
724 0.437068 1.105611 0.308437 0.751375
260 0.469917 1.10066 0.332642 0.748075
258 0.50657 1.09516 0.356155 0.744774
266 0.129668 1.152365 0.11964 0.783278
71 0.245159 1.145765 0.197095 0.777778
215 0.357538 1.141639 0.272476 0.773927
10 0.438797 1.138339 0.332642 0.771727
266 0.133126 1.189219 0.126556 0.810781
578 0.194675 1.188394 0.147303 0.808031
1 0.227178 1.185094 0.158368 0.80473
151 0.245505 1.185919 0.182573 0.80418
89 0.315698 1.180418 0.238589 0.80308
248 0.367911 1.177943 0.272476 0.79923
464 0.42462 1.173542 0.302905 0.79703
494 0.469917 1.172167 0.338174 0.79648
110 0.127248 1.222222 0.113416 0.831683
127 0.188451 1.217547 0.159751 0.828933
111 0.256916 1.214796 0.202628 0.824532
566 0.319156 1.213696 0.241355 0.826733
708 0.370678 1.208746 0.266943 0.823432
578 0.401452 1.205996 0.285615 0.823432
1 0.426003 1.206271 0.290456 0.815182
151 0.449516 1.205446 0.326418 0.821232
561 0.215768 1.252475 0.181189 0.853685
14 0.280429 1.250825 0.217842 0.849285
636 0.341286 1.2478 0.264869 0.847635
631 0.399723 1.242024 0.284924 0.847085
839 0.432573 1.242574 0.302213 0.847085
561 0.461964 1.237349 0.326418 0.843234
110 0.49758 1.235699 0.347856 0.846535
142 0.286307 1.283278 0.22545 0.872387
350 0.363416 1.279153 0.277317 0.868537
589 0.427732 1.276953 0.310512 0.866337
24 0.475104 1.274752 0.344398 0.864136
10 0.305671 1.310231 0.239281 0.889989
24 0.426694 1.30253 0.326418 0.880088
127 0.345436 1.327008 0.271784 0.89934
24 0.430844 1.325908 0.325035 0.89824
839 0.402144 1.362761 0.280083 0.923542
110 0.429806 1.358086 0.306362 0.921892
808 0.467151 1.354785 0.332642 0.916392
86 0.360996 1.361386 0.264177 0.922992
89 0.542531 0.158966 0.386584 0.121012
1 0.603389 0.161441 0.430844 0.123762
753 0.652144 0.156766 0.455048 0.122112
24 0.696404 0.153465 0.484094 0.117712
1 0.539765 0.194169 0.382434 0.143014
181 0.587137 0.19747 0.416321 0.147415
491 0.644882 0.189494 0.461272 0.141364
511 0.701591 0.180968 0.490318 0.135314
1 0.5574 0.224422 0.412172 0.159516
552 0.63278 0.217272 0.450899 0.160616
561 0.714385 0.211221 0.510373 0.156216
110 0.542185 0.250275 0.390041 0.184818
590 0.597856 0.250275 0.429461 0.187019
726 0.671162 0.24725 0.488935 0.179868
24 0.752075 0.237899 0.530429 0.173267
1 0.808091 0.235699 0.560858 0.171067
498 0.539073 0.287404 0.387967 0.208471
561 0.601314 0.284103 0.432227 0.205171
380 0.65491 0.278603 0.460581 0.20187
635 0.717497 0.275303 0.517981 0.19967
127 0.798064 0.262651 0.562932 0.194169
490 0.538728 0.320132 0.381743 0.228823
248 0.586445 0.316557 0.419087 0.226073
737 0.629322 0.313256 0.449516 0.222772
348 0.685339 0.306656 0.496542 0.219472
24 0.747234 0.30088 0.526279 0.215622
89 0.794952 0.29703 0.559474 0.216722
381 0.853043 0.295105 0.602351 0.216172
566 0.550484 0.35451 0.396957 0.253575
598 0.603389 0.35341 0.422545 0.257976
252 0.642462 0.352035 0.449516 0.249725
883 0.684302 0.344609 0.483402 0.249175
181 0.738935 0.347085 0.517981 0.246425
261 0.792877 0.344059 0.556708 0.244774
815 0.843015 0.339659 0.587828 0.242574
859 0.887621 0.335809 0.609267 0.242574
839 0.91805 0.336634 0.627248 0.240924
644 0.947787 0.333058 0.657676 0.240374
255 0.66805 0.378713 0.477178 0.267877
883 0.72787 0.370462 0.508299 0.265677
71 0.782849 0.371287 0.561549 0.264026
215 0.868949 0.366612 0.609267 0.256876
10 0.934647 0.365512 0.659059 0.261276
142 0.545643 0.431243 0.39834 0.30473
252 0.602697 0.425468 0.423928 0.29868
859 0.641425 0.422717 0.444675 0.29868
127 0.684302 0.417492 0.493084 0.29813
248 0.760719 0.414191 0.542185 0.293729
748 0.82296 0.411441 0.560166 0.291529
1 0.8361 0.412816 0.564315 0.285479
151 0.859613 0.410341 0.593361 0.290429
92 0.90249 0.40319 0.62379 0.286029
1 0.94917 0.400165 0.659059 0.281078
266 0.555671 0.458471 0.414246 0.322882
260 0.653181 0.45462 0.475104 0.319582
142 0.746542 0.44857 0.531812 0.312981
252 0.799101 0.44747 0.551176 0.311881
724 0.836791 0.445545 0.57953 0.311331
71 0.881051 0.439494 0.611342 0.308031
215 0.917704 0.434818 0.627939 0.30308
10 0.95332 0.430693 0.668741 0.30363
566 0.605463 0.5033 0.43361 0.353135
598 0.657676 0.496975 0.457815 0.352585
252 0.696058 0.494224 0.483402 0.345985
681 0.733748 0.490649 0.51314 0.346535
142 0.786653 0.489549 0.556708 0.343234
98 0.837137 0.482948 0.578838 0.341034
589 0.874827 0.480473 0.603043 0.340484
474 0.913209 0.479098 0.634163 0.336634
89 0.951245 0.476348 0.650761 0.335534
589 0.984094 0.473872 0.680498 0.334983
566 0.557746 0.542354 0.403181 0.380638
71 0.613071 0.539879 0.436376 0.372387
561 0.672199 0.533553 0.479945 0.371837
511 0.73029 0.527778 0.515906 0.370187
839 0.779391 0.528328 0.533887 0.367987
132 0.81397 0.524477 0.569848 0.366887
661 0.848202 0.522277 0.582988 0.364686
260 0.895228 0.518702 0.642462 0.361936
566 0.627939 0.565457 0.460581 0.391639
643 0.701245 0.559956 0.506224 0.390539
118 0.776625 0.559406 0.551867 0.388339
578 0.851314 0.55253 0.591978 0.385589
754 0.894191 0.55033 0.61964 0.385589
380 0.946058 0.54593 0.6639 0.384488
89 0.544952 0.615787 0.396957 0.430693
248 0.601314 0.609186 0.434993 0.425193
464 0.656639 0.607536 0.459889 0.424092
494 0.70574 0.603685 0.502766 0.420792
748 0.780083 0.602585 0.540802 0.418592
1 0.803942 0.606436 0.54426 0.416392
151 0.830913 0.599285 0.584371 0.418592
92 0.886238 0.594334 0.621715 0.415292
1 0.9426 0.592134 0.648686 0.408691
576 0.978562 0.588834 0.666667 0.406491
839 0.534924 0.652365 0.379668 0.454345
110 0.577109 0.647415 0.412863 0.451045
808 0.625173 0.64659 0.443983 0.448295
10 0.672545 0.644389 0.473721 0.446095
164 0.728907 0.638889 0.522822 0.444994
469 0.818465 0.634763 0.582988 0.443344
181 0.890733 0.631738 0.626556 0.439494
24 0.951591 0.627613 0.672199 0.438944
839 0.5287 0.689219 0.375519 0.480748
561 0.603389 0.681793 0.450207 0.472497
580 0.748271 0.671067 0.572614 0.464246
580 0.905947 0.662541 0.673582 0.455996
469 0.532503 0.722222 0.385892 0.50165
411 0.597165 0.715347 0.443292 0.4956
754 0.676694 0.712871 0.479253 0.492849
566 0.734786 0.70022 0.531812 0.486249
599 0.805671 0.69692 0.578147 0.482948
358 0.862033 0.693344 0.607884 0.479098
24 0.935685 0.686469 0.66805 0.473047
839 0.522476 0.759626 0.371369 0.526953
856 0.571577 0.756876 0.410097 0.524752
142 0.627593 0.746975 0.447441 0.517052
736 0.682573 0.744499 0.495159 0.513201
737 0.753458 0.736249 0.531812 0.508801
252 0.826072 0.732398 0.576072 0.505501
883 0.869986 0.728548 0.605809 0.5044
392 0.921162 0.721672 0.647303 0.50165
24 0.97545 0.715347 0.681189 0.4956
86 0.541494 0.793179 0.405256 0.547855
466 0.661134 0.783828 0.495159 0.541254
567 0.768672 0.770077 0.552559 0.534653
24 0.852006 0.767602 0.615491 0.528603
380 0.945712 0.758251 0.674274 0.523102
60 0.51971 0.831683 0.376902 0.576458
10 0.577455 0.827833 0.412172 0.570957
754 0.630014 0.824532 0.452282 0.569857
553 0.69917 0.818207 0.497925 0.563806
754 0.76314 0.814631 0.545643 0.562156
469 0.834371 0.805831 0.58852 0.555556
181 0.89592 0.79978 0.628631 0.552255
260 0.947095 0.79923 0.668741 0.555556
560 0.533887 0.865237 0.394191 0.59626
118 0.608921 0.858636 0.440526 0.588559
118 0.672545 0.849835 0.479253 0.584158
16 0.738589 0.84626 0.529737 0.585809
560 0.796335 0.845435 0.562241 0.583058
248 0.849585 0.841859 0.595436 0.583608
767 0.906293 0.839109 0.634163 0.579208
661 0.945021 0.835809 0.643845 0.575908
24 0.978562 0.832783 0.684647 0.574257
10 0.51971 0.90429 0.369986 0.617162
711 0.562586 0.89934 0.397649 0.617162
1 0.602351 0.894114 0.414938 0.608911
540 0.642116 0.889164 0.462656 0.611111
24 0.709544 0.883113 0.520055 0.606711
10 0.772822 0.890264 0.54426 0.613311
596 0.827801 0.879813 0.583679 0.607811
1 0.862033 0.885314 0.592669 0.60121
2 0.891425 0.880088 0.611342 0.609461
30 0.919087 0.876238 0.636238 0.605061
24 0.97545 0.869362 0.688105 0.59791
60 0.516598 0.937569 0.370678 0.646315
10 0.576072 0.930418 0.413555 0.639714
754 0.627593 0.926568 0.447441 0.640814
553 0.685339 0.921617 0.484094 0.632013
754 0.736515 0.919417 0.515906 0.629813
1 0.7787 0.919692 0.532503 0.627063
113 0.808783 0.913916 0.559474 0.624312
118 0.855809 0.914741 0.598202 0.627063
113 0.906985 0.911716 0.625864 0.627613
118 0.947095 0.914191 0.659059 0.627063
24 1.003112 0.90209 0.69917 0.620462
252 0.51314 0.970572 0.367911 0.665017
851 0.558437 0.966722 0.394882 0.665017
15 0.616183 0.960121 0.448133 0.661716
545 0.698133 0.955171 0.506916 0.658416
24 0.775934 0.952695 0.558783 0.654565
437 0.865837 0.94637 0.605809 0.647415
221 0.918396 0.944994 0.639004 0.649065
16 0.970609 0.944444 0.683956 0.646865
1 0.511757 1.012926 0.356846 0.691419
663 0.555325 1.007151 0.409405 0.693069
839 0.620332 1.00275 0.434302 0.688669
753 0.657331 0.996425 0.458506 0.684818
812 0.699516 0.9978 0.497234 0.685369
118 0.761411 0.993399 0.542185 0.682068
89 0.826763 0.985699 0.581604 0.678768
248 0.882089 0.982123 0.621715 0.676018
221 0.935685 0.980473 0.64592 0.669417
755 0.983057 0.979098 0.686722 0.672167
98 0.524205 1.044004 0.383126 0.716172
86 0.591286 1.037954 0.42462 0.711771
636 0.660788 1.030528 0.484786 0.706821
724 0.741701 1.026953 0.52213 0.70297
825 0.789419 1.028878 0.54426 0.70352
754 0.850968 1.021177 0.606501 0.69912
24 0.938797 1.016227 0.672891 0.69582
839 0.536999 1.081133 0.376902 0.740924
110 0.577109 1.073982 0.410097 0.736524
839 0.622407 1.075633 0.434302 0.734323
839 0.659751 1.068757 0.456432 0.733773
724 0.705394 1.062981 0.506224 0.729923
350 0.782158 1.057206 0.556017 0.719472
682 0.859959 1.05143 0.620332 0.721122
10 0.917704 1.053355 0.636238 0.721672
380 0.971992 1.04978 0.682573 0.716722
839 0.529737 1.119362 0.372061 0.765677
110 0.568119 1.115237 0.403181 0.762926
808 0.621369 1.111386 0.446058 0.759626
10 0.684647 1.103135 0.482711 0.755226
747 0.736169 1.094884 0.519364 0.751925
566 0.809474 1.088834 0.576072 0.746425
71 0.868949 1.088559 0.607884 0.741474
215 0.912863 1.089659 0.629322 0.739274
10 0.961618 1.082233 0.674274 0.740924
1 0.51971 1.15484 0.357538 0.786029
151 0.543914 1.151815 0.386584 0.784378
469 0.596473 1.14659 0.423928 0.780528
181 0.65249 1.141364 0.465422 0.777778
24 0.710235 1.136964 0.511757 0.772277
490 0.801521 1.130363 0.573997 0.768977
172 0.876556 1.125688 0.614799 0.766227
724 0.938451 1.117712 0.658368 0.762376
259 0.540111 1.185094 0.394191 0.805831
631 0.591978 1.177118 0.413555 0.80418
511 0.640733 1.174092 0.458506 0.80033
24 0.704703 1.172717 0.510373 0.79978
839 0.7787 1.163091 0.532503 0.792629
248 0.815698 1.160891 0.573306 0.790429
851 0.871369 1.157316 0.596127 0.786579
127 0.904219 1.15374 0.630014 0.783828
24 0.956086 1.15044 0.670124 0.782728
89 0.533887 1.215072 0.384509 0.828383
248 0.59509 1.213971 0.426694 0.823982
464 0.650761 1.209021 0.453665 0.823982
596 0.698133 1.20462 0.498617 0.822882
110 0.779046 1.196095 0.553942 0.817932
252 0.837828 1.191144 0.584371 0.811331
561 0.890733 1.191144 0.621024 0.813531
839 0.93603 1.187294 0.638313 0.812431
380 0.9713 1.182618 0.67704 0.809681
839 0.525588 1.25385 0.366528 0.856436
839 0.559474 1.25275 0.391425 0.855336
567 0.650415 1.244224 0.462656 0.847085
490 0.714039 1.241199 0.515214 0.844334
110 0.793223 1.231298 0.560166 0.842134
127 0.857884 1.227173 0.609267 0.837184
111 0.932918 1.223322 0.656985 0.830583
566 0.540111 1.289054 0.395574 0.874037
252 0.607538 1.282728 0.430844 0.869087
736 0.671162 1.275578 0.482019 0.865787
14 0.747925 1.270902 0.531812 0.864136
253 0.828492 1.263201 0.589212 0.856436
380 0.926003 1.255226 0.658368 0.851485
839 0.525934 1.325083 0.368603 0.89879
110 0.568811 1.317107 0.405947 0.894939
808 0.62379 1.312981 0.44675 0.892189
99 0.719571 1.30143 0.512448 0.884488
89 0.784232 1.297305 0.5574 0.880638
808 0.853043 1.294004 0.602351 0.879538
661 0.900069 1.286304 0.620332 0.872937
380 0.944675 1.281903 0.662517 0.871837
828 0.531812 1.355611 0.383126 0.916942
737 0.591632 1.352585 0.425311 0.917492
490 0.649723 1.34791 0.465422 0.913641
589 0.713001 1.338284 0.502075 0.910891
812 0.762794 1.338284 0.539419 0.909791
661 0.80325 1.330583 0.549793 0.90319
737 0.837483 1.328383 0.582296 0.90099
252 0.872061 1.327283 0.596127 0.89659
464 0.899378 1.322607 0.618949 0.89714
380 0.929806 1.320132 0.638313 0.894389
661 0.954703 1.312706 0.652144 0.893839
589 0.985823 1.314631 0.678423 0.894389
839 0.528008 1.382838 0.365837 0.937294
110 0.558437 1.380363 0.393499 0.938944
808 0.602697 1.383113 0.426694 0.937844
10 0.648686 1.378713 0.450899 0.935644
464 0.694329 1.374312 0.496542 0.932343
164 0.763485 1.367437 0.538036 0.928493
543 0.823651 1.360561 0.573997 0.923542
242 0.883472 1.356711 0.627248 0.921342
598 0.948479 1.35176 0.663209 0.921342
839 0.766252 1.401265 0.53112 0.949945
380 0.843015 1.393564 0.604426 0.945545
252 0.60823 1.409241 0.426694 0.952695
561 0.673582 1.40484 0.495159 0.951595
808 1.012794 0.377063 0.696404 0.268977
839 1.00657 0.411441 0.689488 0.293729
110 1.043914 0.404565 0.7213 0.287679
258 1.021093 0.441419 0.711618 0.314081
248 1.084025 0.439219 0.757261 0.308581
142 1.161134 0.427393 0.811895 0.30363
839 1.017635 0.477998 0.695021 0.336634
110 1.054633 0.470847 0.73444 0.334433
808 1.109613 0.468097 0.775242 0.331133
10 1.174274 0.461771 0.814661 0.325083
566 1.019018 0.521452 0.704703 0.365237
598 1.069502 0.511551 0.736515 0.361936
252 1.114454 0.511551 0.761411 0.357536
883 1.146266 0.507976 0.782158 0.359186
10 1.188451 0.510451 0.812586 0.355336
172 1.225104 0.505776 0.844398 0.354785
839 1.270401 0.500825 0.864454 0.352585
71 1.090249 0.544829 0.771093 0.377888
599 1.177386 0.541254 0.819502 0.374037
71 1.252075 0.535204 0.870678 0.370737
839 1.010028 0.594334 0.690871 0.415292
110 1.048409 0.589934 0.726141 0.410891
808 1.09509 0.588559 0.755878 0.411441
10 1.146957 0.586634 0.79184 0.408691
747 1.194675 0.582783 0.825035 0.406491
561 1.258645 0.573157 0.875519 0.39934
748 1.007607 0.632563 0.687414 0.440044
1 1.03112 0.633113 0.698479 0.435644
151 1.057746 0.629263 0.728216 0.436744
92 1.10408 0.619637 0.764177 0.431793
1 1.159751 0.619912 0.811895 0.425743
708 1.22787 0.612761 0.841632 0.424642
578 1.281812 0.606161 0.87621 0.422442
1 1.02213 0.665567 0.70816 0.460946
71 1.082988 0.657316 0.759336 0.455446
599 1.16148 0.64604 0.804288 0.447195
71 1.216459 0.643289 0.839557 0.446095
71 1.279391 0.638889 0.878285 0.443894
71 1.033887 0.693069 0.719225 0.479648
496 1.09509 0.693344 0.758645 0.479098
856 1.154219 0.681793 0.795297 0.473597
71 1.21888 0.674642 0.848548 0.468097
215 1.285961 0.670792 0.884509 0.462596
596 1.017289 0.734598 0.699862 0.509901
754 1.066736 0.727448 0.737898 0.5033
726 1.151452 0.715622 0.828492 0.49725
808 1.260028 0.705721 0.871369 0.489549
661 1.309129 0.69582 0.893499 0.480748
98 1.032849 0.766227 0.7213 0.528053
10 1.096819 0.765402 0.760719 0.528603
110 1.149032 0.755776 0.797372 0.524752
754 1.20574 0.7511 0.83195 0.520902
561 1.264177 0.745875 0.871369 0.514851
511 1.318465 0.737074 0.908022 0.508251
839 1.018672 0.806381 0.694329 0.554455
110 1.059129 0.79923 0.737898 0.552255
748 1.114799 0.800605 0.757953 0.550605
1 1.137967 0.80088 0.768326 0.543454
151 1.165284 0.793179 0.80083 0.546755
92 1.211618 0.783828 0.831259 0.541254
1 1.258299 0.784103 0.860996 0.535204
266 1.310166 0.769527 0.905256 0.533553
260 1.363762 0.766502 0.930844 0.528603
839 1.036999 0.838834 0.713001 0.576458
561 1.122061 0.823157 0.800138 0.569307
10 1.243776 0.815732 0.88036 0.558856
110 1.33852 0.80143 0.930152 0.553355
172 1.056362 0.870462 0.735131 0.59571
223 1.114454 0.863311 0.766943 0.591309
16 1.180152 0.850935 0.826418 0.585259
504 1.253112 0.842684 0.864454 0.580858
248 1.309474 0.839109 0.89834 0.575908
511 1.068465 0.898515 0.745505 0.615512
358 1.145574 0.891639 0.797372 0.614961
86 1.216459 0.884763 0.838174 0.608911
839 1.268326 0.881188 0.863071 0.606161
110 1.304979 0.874587 0.896266 0.60066
808 1.357538 0.871837 0.925311 0.59956
98 1.052905 0.935644 0.728216 0.640264
579 1.102697 0.932618 0.754495 0.639714
248 1.222683 0.922442 0.847856 0.631463
24 1.307054 0.910066 0.923928 0.625413
736 1.050138 0.969197 0.729599 0.661166
136 1.117911 0.963696 0.783541 0.662266
596 1.1926 0.959571 0.823651 0.661716
839 1.253112 0.952145 0.853389 0.652365
110 1.297026 0.945545 0.899723 0.646865
808 1.365145 0.937019 0.937759 0.643014
566 1.045643 1.00055 0.739972 0.684268
596 1.113762 0.996975 0.76971 0.683718
753 1.173237 0.993674 0.81397 0.681518
726 1.25242 0.985149 0.881051 0.674367
808 1.333679 0.975798 0.914938 0.667767
589 1.381397 0.964246 0.9426 0.664466
98 1.039419 1.033278 0.724758 0.706821
10 1.099931 1.033553 0.758645 0.706271
110 1.154564 1.027778 0.798755 0.70462
754 1.213693 1.024752 0.836791 0.70297
561 1.276625 1.017602 0.883817 0.69637
511 1.337483 1.007151 0.923928 0.689769
469 1.031466 1.073432 0.711618 0.731023
891 1.078838 1.066282 0.751037 0.734323
851 1.133126 1.069032 0.776625 0.735424
24 1.184302 1.062156 0.833333 0.724972
1 1.243776 1.060231 0.843015 0.720022
737 1.283887 1.05253 0.884509 0.718922
248 1.330913 1.044829 0.919087 0.714521
10 1.378976 1.042904 0.941909 0.711771
511 1.036999 1.105886 0.728216 0.758526
580 1.097165 1.10176 0.760028 0.753575
589 1.156293 1.09846 0.804979 0.752475
296 1.237552 1.092134 0.870678 0.745325
118 1.320194 1.084983 0.914246 0.740924
261 1.385892 1.077283 0.947441 0.735424
1 1.033195 1.144114 0.70816 0.776678
552 1.078147 1.142739 0.746888 0.778328
181 1.137621 1.139164 0.789765 0.776678
737 1.194675 1.133113 0.833333 0.773377
566 1.27213 1.125688 0.888658 0.766227
745 1.335408 1.119912 0.91148 0.765677
141 1.381397 1.115237 0.948133 0.761826
1 1.026279 1.183443 0.699862 0.80363
545 1.073997 1.179593 0.753804 0.80473
10 1.147994 1.176018 0.789765 0.79978
498 1.197441 1.168042 0.826418 0.79593
839 1.245851 1.161716 0.845781 0.793179
856 1.28112 1.159516 0.883126 0.789879
142 1.341286 1.149615 0.931535 0.787679
112 1.023167 1.212321 0.711618 0.828383
828 1.090595 1.212046 0.762102 0.824532
566 1.178769 1.205171 0.820885 0.820682
348 1.254495 1.193619 0.878285 0.812981
753 1.331259 1.189494 0.908714 0.809131
724 1.380014 1.184268 0.948133 0.805281
1 1.021438 1.251925 0.698479 0.844884
724 1.069848 1.2467 0.748271 0.845435
748 1.126902 1.240099 0.766943 0.844334
1 1.145574 1.243674 0.773859 0.839384
151 1.172891 1.239824 0.807746 0.843784
92 1.222683 1.230198 0.839557 0.838834
1 1.263485 1.232673 0.860304 0.831683
708 1.300484 1.221122 0.892808 0.829483
578 1.346473 1.212871 0.917012 0.826183
1 1.371024 1.219747 0.92047 0.822332
151 1.393154 1.213971 0.948133 0.827283
490 1.041494 1.275853 0.73444 0.865237
859 1.113416 1.272552 0.764869 0.865237
110 1.179461 1.264851 0.829184 0.859736
552 1.270747 1.257701 0.878976 0.854235
511 1.358575 1.25 0.9426 0.853135
737 1.032849 1.304455 0.718534 0.886139
252 1.089903 1.30418 0.75657 0.884488
839 1.137967 1.30143 0.775242 0.885589
141 1.180498 1.296205 0.820194 0.882838
498 1.241701 1.293454 0.851314 0.878438
566 1.290456 1.288229 0.88935 0.874587
184 1.343361 1.285754 0.92047 0.870737
350 1.390387 1.282178 0.94675 0.870187
839 1.033541 1.339659 0.710235 0.910341
856 1.089212 1.331958 0.75657 0.907041
142 1.193292 1.328933 0.8361 0.90209
16 1.334371 1.316282 0.934302 0.892189
89 1.042531 1.369637 0.729599 0.927393
248 1.111687 1.364136 0.775242 0.925193
464 1.176003 1.358636 0.805671 0.920792
494 1.225104 1.356986 0.85408 0.920792
266 1.346473 1.342684 0.940526 0.914191
127 1.049101 1.391089 0.742739 0.942794
736 1.140733 1.389989 0.798755 0.941694
14 1.230982 1.387514 0.858921 0.940044
127 1.332296 1.374587 0.932918 0.935094
89 1.053942 1.419142 0.745505 0.958196
85 1.241355 1.413366 0.869986 0.954345
262 0.343707 0.256326 0.266943 0.185919
635 0.625173 0.122662 0.450899 0.09681
10 0.480636 1.385039 0.344398 0.938394
