663 0.1743 0.228352 0.256997 0.25838
514 0.323155 0.22067 0.40458 0.248603
71 0.356234 0.282821 0.427481 0.314246
839 0.447837 0.280028 0.478372 0.310056
736 0.536896 0.273045 0.59542 0.298883
71 0.156489 0.356145 0.221374 0.388268
248 0.298982 0.343575 0.374046 0.377095
297 0.483461 0.338687 0.590331 0.372905
113 0.265903 0.407821 0.315522 0.435754
380 0.39313 0.407123 0.480916 0.438547
552 0.12341 0.486732 0.170483 0.51676
839 0.197201 0.481844 0.229008 0.519553
298 0.28626 0.47067 0.348601 0.50419
358 0.398219 0.460894 0.452926 0.490223
869 0.492366 0.456704 0.536896 0.49162
112 0.580153 0.450419 0.641221 0.481844
85 0.307888 0.53352 0.379135 0.564246
808 0.454198 0.523045 0.529262 0.560056
544 0.164122 0.542598 0.246819 0.576816
566 0.152672 0.613827 0.211196 0.645251
514 0.274809 0.611034 0.338422 0.642458
553 0.395674 0.59986 0.463104 0.635475
754 0.5 0.592179 0.552163 0.627095
737 0.624682 0.592877 0.694656 0.624302
580 0.287532 0.667598 0.371501 0.696927
540 0.147583 0.672486 0.21374 0.701117
266 0.450382 0.665503 0.541985 0.699721
113 0.596692 0.659916 0.656489 0.682961
552 0.136132 0.744413 0.183206 0.776536
839 0.21374 0.743715 0.251908 0.777933
10 0.30916 0.740922 0.374046 0.776536
693 0.455471 0.73324 0.552163 0.76676
10 0.625954 0.735335 0.70229 0.765363
726 0.178117 0.807263 0.277354 0.843575
631 0.301527 0.808659 0.343511 0.840782
357 0.416031 0.794693 0.501272 0.828212
136 0.709924 0.780028 0.793893 0.815642
839 0.129771 0.878492 0.170483 0.917598
350 0.234097 0.869413 0.310433 0.898045
839 0.349873 0.876397 0.386768 0.912011
754 0.445293 0.870112 0.51145 0.909218
1 0.557252 0.86243 0.608142 0.881285
599 0.240458 0.285615 0.292621 0.318436
663 0.1743 0.228352 0.256997 0.25838
514 0.323155 0.22067 0.40458 0.248603
71 0.356234 0.282821 0.427481 0.314246
839 0.447837 0.280028 0.478372 0.310056
736 0.536896 0.273045 0.59542 0.298883
71 0.156489 0.356145 0.221374 0.388268
248 0.298982 0.343575 0.374046 0.377095
297 0.483461 0.338687 0.590331 0.372905
113 0.265903 0.407821 0.315522 0.435754
380 0.39313 0.407123 0.480916 0.438547
552 0.12341 0.486732 0.170483 0.51676
839 0.197201 0.481844 0.229008 0.519553
298 0.28626 0.47067 0.348601 0.50419
358 0.398219 0.460894 0.452926 0.490223
869 0.492366 0.456704 0.536896 0.49162
112 0.580153 0.450419 0.641221 0.481844
85 0.307888 0.53352 0.379135 0.564246
808 0.454198 0.523045 0.529262 0.560056
544 0.164122 0.542598 0.246819 0.576816
566 0.152672 0.613827 0.211196 0.645251
514 0.274809 0.611034 0.338422 0.642458
553 0.395674 0.59986 0.463104 0.635475
754 0.5 0.592179 0.552163 0.627095
737 0.624682 0.592877 0.694656 0.624302
580 0.287532 0.667598 0.371501 0.696927
540 0.147583 0.672486 0.21374 0.701117
266 0.450382 0.665503 0.541985 0.699721
113 0.596692 0.659916 0.656489 0.682961
552 0.136132 0.744413 0.183206 0.776536
839 0.21374 0.743715 0.251908 0.777933
10 0.30916 0.740922 0.374046 0.776536
693 0.455471 0.73324 0.552163 0.76676
10 0.625954 0.735335 0.70229 0.765363
726 0.178117 0.807263 0.277354 0.843575
631 0.301527 0.808659 0.343511 0.840782
357 0.416031 0.794693 0.501272 0.828212
136 0.709924 0.780028 0.793893 0.815642
839 0.129771 0.878492 0.170483 0.917598
350 0.234097 0.869413 0.310433 0.898045
839 0.349873 0.876397 0.386768 0.912011
754 0.445293 0.870112 0.51145 0.909218
1 0.557252 0.86243 0.608142 0.881285
599 0.240458 0.285615 0.292621 0.318436
