813 0.146505 0.358182 0.150538 0.36
358 0.258065 0.343636 0.223118 0.338182
839 1.068548 0.336364 0.755376 0.352727
839 1.210349 0.389091 0.853495 0.378182
737 0.112903 0.556364 0.126344 0.494545
252 0.206989 0.590909 0.185484 0.498182
298 1.019489 0.578182 0.75672 0.516364
358 1.225806 0.550909 0.895161 0.483636
142 0.99328 0.838182 0.744624 0.687273
24 1.226478 0.776364 0.928763 0.629091
5 0.083333 0.932727 0.102151 0.752727
869 0.165995 1.0 0.149194 0.8
6 0.259409 1.045455 0.223118 0.832727
869 0.343414 1.067273 0.264785 0.832727
136 0.452285 1.072727 0.380376 0.836364
560 0.932124 1.065455 0.689516 0.829091
561 1.087366 1.02 0.793011 0.796364
839 1.234543 1.003636 0.864247 0.785455
589 1.354167 0.930909 0.961022 0.734545
813 0.146505 0.358182 0.150538 0.36
358 0.258065 0.343636 0.223118 0.338182
839 1.068548 0.336364 0.755376 0.352727
839 1.210349 0.389091 0.853495 0.378182
737 0.112903 0.556364 0.126344 0.494545
252 0.206989 0.590909 0.185484 0.498182
298 1.019489 0.578182 0.75672 0.516364
358 1.225806 0.550909 0.895161 0.483636
142 0.99328 0.838182 0.744624 0.687273
24 1.226478 0.776364 0.928763 0.629091
5 0.083333 0.932727 0.102151 0.752727
869 0.165995 1.0 0.149194 0.8
6 0.259409 1.045455 0.223118 0.832727
869 0.343414 1.067273 0.264785 0.832727
136 0.452285 1.072727 0.380376 0.836364
560 0.932124 1.065455 0.689516 0.829091
561 1.087366 1.02 0.793011 0.796364
839 1.234543 1.003636 0.864247 0.785455
589 1.354167 0.930909 0.961022 0.734545
