84 0.357424 0.207757 0.420499 0.235791
138 0.210907 0.21659 0.291721 0.247312
8 0.489488 0.192012 0.565046 0.221198
156 0.599212 0.192012 0.636005 0.222734
83 0.214192 0.27573 0.287779 0.303379
195 0.359396 0.269201 0.444152 0.301843
227 0.480946 0.260753 0.519054 0.288018
157 0.189225 0.40553 0.240473 0.435484
247 0.279895 0.403994 0.319317 0.435484
247 0.366623 0.396697 0.408673 0.426267
0 0.228647 0.467358 0.293035 0.485407
49 0.272668 0.715054 0.360053 0.748848
240 0.418528 0.714286 0.48883 0.748848
84 0.273982 0.778034 0.361367 0.803379
227 0.204993 0.829493 0.244415 0.857911
84 0.357424 0.207757 0.420499 0.235791
138 0.210907 0.21659 0.291721 0.247312
8 0.489488 0.192012 0.565046 0.221198
156 0.599212 0.192012 0.636005 0.222734
83 0.214192 0.27573 0.287779 0.303379
195 0.359396 0.269201 0.444152 0.301843
227 0.480946 0.260753 0.519054 0.288018
157 0.189225 0.40553 0.240473 0.435484
247 0.279895 0.403994 0.319317 0.435484
247 0.366623 0.396697 0.408673 0.426267
0 0.228647 0.467358 0.293035 0.485407
49 0.272668 0.715054 0.360053 0.748848
240 0.418528 0.714286 0.48883 0.748848
84 0.273982 0.778034 0.361367 0.803379
227 0.204993 0.829493 0.244415 0.857911
