839 0.248397 0.130053 0.246795 0.140598
110 0.410256 0.133568 0.397436 0.140598
266 0.676282 0.137083 0.589744 0.144112
113 0.924679 0.136204 0.701923 0.13181
18 0.246795 0.239016 0.275641 0.207381
24 0.485577 0.247803 0.464744 0.207381
748 0.75 0.240773 0.557692 0.203866
10 0.875 0.242531 0.685897 0.203866
641 1.065705 0.239895 0.817308 0.202109
379 1.262821 0.230228 0.916667 0.193322
812 0.209936 0.341828 0.227564 0.272408
98 0.783654 0.331283 0.61859 0.261863
839 0.956731 0.333919 0.701923 0.26362
110 1.088141 0.33304 0.810897 0.265378
744 0.451923 0.330404 0.480769 0.267135
113 0.205128 0.441125 0.230769 0.337434
380 0.573718 0.42355 0.570513 0.333919
260 1.073718 0.42355 0.878205 0.330404
10 0.660256 0.534271 0.551282 0.397188
511 0.873397 0.521968 0.689103 0.397188
737 1.128205 0.510545 0.858974 0.388401
255 0.214744 0.525483 0.25641 0.397188
222 0.435897 0.524605 0.397436 0.398946
380 1.100962 0.903339 0.875 0.650264
490 0.203526 1.210018 0.246795 0.848858
181 0.439103 1.210896 0.410256 0.8471
358 0.682692 1.206503 0.551282 0.845343
89 0.900641 1.204745 0.717949 0.848858
567 1.165064 1.188928 0.875 0.834798
266 0.195513 1.303163 0.230769 0.905097
113 0.391026 1.301406 0.339744 0.908612
380 0.581731 1.301406 0.496795 0.905097
1 0.149038 1.128295 0.144231 0.780316
464 0.253205 1.110721 0.25 0.783831
10 0.434295 1.118629 0.400641 0.789104
266 0.673077 1.120387 0.570513 0.789104
113 0.911859 1.101054 0.695513 0.778559
380 1.070513 1.101054 0.794872 0.775044
260 1.233974 1.087873 0.903846 0.773286
112 0.955128 0.994728 0.730769 0.710018
10 0.75641 1.005272 0.615385 0.717047
839 0.56891 1.011424 0.458333 0.72232
552 0.392628 1.018453 0.349359 0.718805
490 0.200321 1.01406 0.240385 0.717047
358 0.341346 0.906854 0.336538 0.646749
812 0.604167 0.904218 0.522436 0.648506
661 0.842949 0.898067 0.647436 0.643234
362 1.157051 0.996485 0.891026 0.710018
1 1.022436 0.827768 0.730769 0.57645
495 1.144231 0.799649 0.839744 0.572935
1 0.121795 0.843585 0.121795 0.586995
24 0.253205 0.826011 0.282051 0.59051
260 0.503205 0.824253 0.461538 0.59051
552 0.751603 0.815466 0.586538 0.58348
839 0.916667 0.809315 0.679487 0.581722
24 0.700321 0.719684 0.605769 0.521968
552 0.94391 0.714411 0.701923 0.514938
839 1.06891 0.709139 0.766026 0.514938
736 1.179487 0.695079 0.865385 0.504394
260 1.076923 0.604569 0.846154 0.449912
567 0.184295 0.629174 0.227564 0.463972
661 0.334936 0.634446 0.285256 0.463972
1 0.474359 0.632689 0.371795 0.449912
663 0.644231 0.620387 0.589744 0.463972
631 0.891026 0.614236 0.660256 0.458699
142 0.435897 0.72232 0.410256 0.520211
560 0.184295 0.730228 0.240385 0.532513
567 1.237179 1.275923 0.897436 0.892794
474 1.017628 1.301406 0.791667 0.912127
591 0.794872 1.300527 0.621795 0.913884
839 0.248397 0.130053 0.246795 0.140598
110 0.410256 0.133568 0.397436 0.140598
266 0.676282 0.137083 0.589744 0.144112
113 0.924679 0.136204 0.701923 0.13181
18 0.246795 0.239016 0.275641 0.207381
24 0.485577 0.247803 0.464744 0.207381
748 0.75 0.240773 0.557692 0.203866
10 0.875 0.242531 0.685897 0.203866
641 1.065705 0.239895 0.817308 0.202109
379 1.262821 0.230228 0.916667 0.193322
812 0.209936 0.341828 0.227564 0.272408
98 0.783654 0.331283 0.61859 0.261863
839 0.956731 0.333919 0.701923 0.26362
110 1.088141 0.33304 0.810897 0.265378
744 0.451923 0.330404 0.480769 0.267135
113 0.205128 0.441125 0.230769 0.337434
380 0.573718 0.42355 0.570513 0.333919
260 1.073718 0.42355 0.878205 0.330404
10 0.660256 0.534271 0.551282 0.397188
511 0.873397 0.521968 0.689103 0.397188
737 1.128205 0.510545 0.858974 0.388401
255 0.214744 0.525483 0.25641 0.397188
222 0.435897 0.524605 0.397436 0.398946
380 1.100962 0.903339 0.875 0.650264
490 0.203526 1.210018 0.246795 0.848858
181 0.439103 1.210896 0.410256 0.8471
358 0.682692 1.206503 0.551282 0.845343
89 0.900641 1.204745 0.717949 0.848858
567 1.165064 1.188928 0.875 0.834798
266 0.195513 1.303163 0.230769 0.905097
113 0.391026 1.301406 0.339744 0.908612
380 0.581731 1.301406 0.496795 0.905097
1 0.149038 1.128295 0.144231 0.780316
464 0.253205 1.110721 0.25 0.783831
10 0.434295 1.118629 0.400641 0.789104
266 0.673077 1.120387 0.570513 0.789104
113 0.911859 1.101054 0.695513 0.778559
380 1.070513 1.101054 0.794872 0.775044
260 1.233974 1.087873 0.903846 0.773286
112 0.955128 0.994728 0.730769 0.710018
10 0.75641 1.005272 0.615385 0.717047
839 0.56891 1.011424 0.458333 0.72232
552 0.392628 1.018453 0.349359 0.718805
490 0.200321 1.01406 0.240385 0.717047
358 0.341346 0.906854 0.336538 0.646749
812 0.604167 0.904218 0.522436 0.648506
661 0.842949 0.898067 0.647436 0.643234
362 1.157051 0.996485 0.891026 0.710018
1 1.022436 0.827768 0.730769 0.57645
495 1.144231 0.799649 0.839744 0.572935
1 0.121795 0.843585 0.121795 0.586995
24 0.253205 0.826011 0.282051 0.59051
260 0.503205 0.824253 0.461538 0.59051
552 0.751603 0.815466 0.586538 0.58348
839 0.916667 0.809315 0.679487 0.581722
24 0.700321 0.719684 0.605769 0.521968
552 0.94391 0.714411 0.701923 0.514938
839 1.06891 0.709139 0.766026 0.514938
736 1.179487 0.695079 0.865385 0.504394
260 1.076923 0.604569 0.846154 0.449912
567 0.184295 0.629174 0.227564 0.463972
661 0.334936 0.634446 0.285256 0.463972
1 0.474359 0.632689 0.371795 0.449912
663 0.644231 0.620387 0.589744 0.463972
631 0.891026 0.614236 0.660256 0.458699
142 0.435897 0.72232 0.410256 0.520211
560 0.184295 0.730228 0.240385 0.532513
567 1.237179 1.275923 0.897436 0.892794
474 1.017628 1.301406 0.791667 0.912127
591 0.794872 1.300527 0.621795 0.913884
