252 0.165775 0.447573 0.181818 0.378641
856 0.329768 0.384466 0.324421 0.365049
142 0.55615 0.343689 0.495544 0.330097
71 0.851159 0.304854 0.700535 0.299029
567 1.124777 0.281553 0.812834 0.256311
252 0.180036 0.673786 0.196078 0.520388
851 0.311943 0.633981 0.270945 0.526214
14 0.484848 0.567961 0.442068 0.495146
248 0.734403 0.532039 0.59893 0.462136
514 0.963458 0.487379 0.743316 0.446602
566 0.220143 0.858252 0.247772 0.675728
248 0.462567 0.802913 0.440285 0.627184
110 0.712121 0.748544 0.568627 0.6
24 0.959002 0.686408 0.791444 0.553398
248 0.294118 1.048544 0.352941 0.78835
110 0.665775 0.985437 0.568627 0.747573
24 1.040998 0.875728 0.85918 0.695146
1 0.222816 1.246602 0.217469 0.897087
599 0.392157 1.214563 0.349376 0.891262
358 0.596257 1.172816 0.483066 0.866019
490 0.806595 1.164078 0.650624 0.864078
579 1.019608 1.113592 0.741533 0.848544
511 1.159537 1.101942 0.850267 0.836893
252 0.165775 0.447573 0.181818 0.378641
856 0.329768 0.384466 0.324421 0.365049
142 0.55615 0.343689 0.495544 0.330097
71 0.851159 0.304854 0.700535 0.299029
567 1.124777 0.281553 0.812834 0.256311
252 0.180036 0.673786 0.196078 0.520388
851 0.311943 0.633981 0.270945 0.526214
14 0.484848 0.567961 0.442068 0.495146
248 0.734403 0.532039 0.59893 0.462136
514 0.963458 0.487379 0.743316 0.446602
566 0.220143 0.858252 0.247772 0.675728
248 0.462567 0.802913 0.440285 0.627184
110 0.712121 0.748544 0.568627 0.6
24 0.959002 0.686408 0.791444 0.553398
248 0.294118 1.048544 0.352941 0.78835
110 0.665775 0.985437 0.568627 0.747573
24 1.040998 0.875728 0.85918 0.695146
1 0.222816 1.246602 0.217469 0.897087
599 0.392157 1.214563 0.349376 0.891262
358 0.596257 1.172816 0.483066 0.866019
490 0.806595 1.164078 0.650624 0.864078
579 1.019608 1.113592 0.741533 0.848544
511 1.159537 1.101942 0.850267 0.836893
