839 0.655172 0.276912 0.496552 0.219547
98 0.491954 0.286827 0.413793 0.230878
313 0.628736 0.366856 0.609195 0.291785
578 0.26092 0.492918 0.232184 0.379603
574 0.421839 0.477337 0.393103 0.385269
839 0.61954 0.469547 0.475862 0.36119
839 0.745977 0.463173 0.567816 0.365439
358 0.403448 0.707507 0.365517 0.525496
71 0.662069 0.684844 0.583908 0.511331
248 0.336782 0.594901 0.351724 0.447592
812 0.121839 0.862606 0.156322 0.634561
380 0.310345 0.834986 0.326437 0.610482
815 0.554023 0.822238 0.487356 0.610482
839 0.775862 0.792493 0.604598 0.590652
464 0.372414 0.941926 0.349425 0.677054
724 0.896552 0.905807 0.685057 0.655807
132 0.257471 1.067989 0.266667 0.764873
24 0.66092 1.029037 0.595402 0.73796
839 0.91954 1.014873 0.68046 0.729462
380 0.41954 1.167847 0.370115 0.822946
869 0.566667 1.152266 0.452874 0.825779
552 0.728736 1.138102 0.574713 0.808782
839 0.896552 1.118272 0.675862 0.800283
248 0.775862 1.236544 0.65977 0.88102
839 0.655172 0.276912 0.496552 0.219547
98 0.491954 0.286827 0.413793 0.230878
313 0.628736 0.366856 0.609195 0.291785
578 0.26092 0.492918 0.232184 0.379603
574 0.421839 0.477337 0.393103 0.385269
839 0.61954 0.469547 0.475862 0.36119
839 0.745977 0.463173 0.567816 0.365439
358 0.403448 0.707507 0.365517 0.525496
71 0.662069 0.684844 0.583908 0.511331
248 0.336782 0.594901 0.351724 0.447592
812 0.121839 0.862606 0.156322 0.634561
380 0.310345 0.834986 0.326437 0.610482
815 0.554023 0.822238 0.487356 0.610482
839 0.775862 0.792493 0.604598 0.590652
464 0.372414 0.941926 0.349425 0.677054
724 0.896552 0.905807 0.685057 0.655807
132 0.257471 1.067989 0.266667 0.764873
24 0.66092 1.029037 0.595402 0.73796
839 0.91954 1.014873 0.68046 0.729462
380 0.41954 1.167847 0.370115 0.822946
869 0.566667 1.152266 0.452874 0.825779
552 0.728736 1.138102 0.574713 0.808782
839 0.896552 1.118272 0.675862 0.800283
248 0.775862 1.236544 0.65977 0.88102
