247 0.834792 0.078158 0.901532 0.100642
36 0.797593 0.14454 0.914661 0.169165
120 0.314004 0.095289 0.424508 0.114561
28 0.528446 0.085118 0.619256 0.107066
247 0.678337 0.077623 0.743982 0.09743
6 0.21116 0.130086 0.304158 0.150964
36 0.386214 0.122591 0.468271 0.143469
176 0.597374 0.11349 0.71116 0.137045
165 0.212254 0.172912 0.317287 0.200214
170 0.615974 0.150428 0.678337 0.17773
26 0.42779 0.159529 0.547046 0.185225
84 0.176149 0.220557 0.253829 0.244111
227 0.165208 0.062099 0.218818 0.082441
6 0.227571 0.269272 0.271335 0.29015
126 0.314004 0.264989 0.369803 0.288009
166 0.402626 0.260171 0.461707 0.282655
134 0.52954 0.252677 0.603939 0.273019
100 0.330416 0.209315 0.413567 0.235546
230 0.81291 0.718951 0.910284 0.745182
250 0.161926 0.271949 0.203501 0.293362
227 0.102845 0.278373 0.126915 0.301927
213 0.142232 0.311563 0.207877 0.337259
238 0.2407 0.307816 0.304158 0.332976
0 0.315098 0.304069 0.343545 0.316916
214 0.388403 0.300321 0.446389 0.321199
227 0.448578 0.298715 0.472648 0.319058
134 0.528446 0.293897 0.601751 0.313704
141 0.794311 0.291756 0.842451 0.312634
229 0.718818 0.286938 0.7593 0.311563
237 0.635667 0.287473 0.693654 0.312634
42 0.230853 0.357602 0.286652 0.383298
166 0.358862 0.352784 0.446389 0.380086
87 0.474836 0.350642 0.536105 0.372591
227 0.09628 0.372056 0.12035 0.395075
55 0.317287 0.481263 0.404814 0.506424
176 0.830416 0.456103 0.916849 0.480728
180 0.230853 0.445931 0.291028 0.473233
69 0.133479 0.452355 0.196937 0.478587
138 0.172867 0.490899 0.242888 0.513919
66 0.743982 0.3394 0.820569 0.361884
55 0.363239 0.43576 0.442013 0.459315
6 0.482495 0.42666 0.540481 0.449679
237 0.11488 0.411135 0.164114 0.43469
153 0.213348 0.398822 0.275711 0.422912
166 0.416849 0.575482 0.490153 0.607066
252 0.56674 0.567452 0.632385 0.59743
28 0.69256 0.565846 0.774617 0.600642
156 0.817287 0.560493 0.875274 0.59636
34 0.384026 0.697002 0.485777 0.726981
247 0.552516 0.690578 0.595186 0.716274
247 0.7593 0.67666 0.818381 0.702355
237 0.193654 0.709315 0.269147 0.736617
237 0.190372 0.654711 0.273523 0.680942
227 0.092998 0.662206 0.124726 0.688437
227 0.09628 0.713062 0.129103 0.74197
229 0.579869 0.786403 0.678337 0.814775
35 0.714442 0.627944 0.835886 0.658458
35 0.774617 0.773019 0.875274 0.804069
247 0.665208 0.732869 0.719912 0.766595
237 0.399344 0.648822 0.501094 0.678801
159 0.833698 0.373662 0.921225 0.394004
250 0.733042 0.417559 0.776805 0.448608
42 0.623632 0.420236 0.715536 0.446467
240 0.832604 0.414882 0.899344 0.438972
163 0.655361 0.376338 0.741794 0.399358
110 0.584245 0.467345 0.708972 0.494647
214 0.157549 0.534797 0.205689 0.559957
227 0.214442 0.530514 0.2407 0.556745
8 0.295405 0.527302 0.363239 0.552463
120 0.56674 0.514989 0.645514 0.544968
126 0.684902 0.509636 0.741794 0.536403
0 0.327133 0.578158 0.367615 0.59636
238 0.236324 0.5894 0.295405 0.617773
252 0.556893 0.836188 0.623632 0.867238
36 0.756018 0.824946 0.901532 0.853319
84 0.830416 0.883298 0.910284 0.908994
61 0.413567 0.845824 0.507659 0.877944
0 0.137856 0.914347 0.203501 0.933619
214 0.269147 0.912741 0.347921 0.944325
227 0.370897 0.907923 0.413567 0.940043
69 0.681619 0.899358 0.763676 0.932548
65 0.496718 0.900964 0.603939 0.929336
106 0.193654 0.86349 0.319475 0.895075
256 0.323851 0.801927 0.47046 0.835118
220 0.486871 0.736617 0.636761 0.764454
244 0.213348 0.756959 0.363239 0.788009
227 0.811816 0.117238 0.833698 0.142398
227 0.850109 0.118308 0.87965 0.142398
247 0.834792 0.078158 0.901532 0.100642
36 0.797593 0.14454 0.914661 0.169165
120 0.314004 0.095289 0.424508 0.114561
28 0.528446 0.085118 0.619256 0.107066
247 0.678337 0.077623 0.743982 0.09743
6 0.21116 0.130086 0.304158 0.150964
36 0.386214 0.122591 0.468271 0.143469
176 0.597374 0.11349 0.71116 0.137045
165 0.212254 0.172912 0.317287 0.200214
170 0.615974 0.150428 0.678337 0.17773
26 0.42779 0.159529 0.547046 0.185225
84 0.176149 0.220557 0.253829 0.244111
227 0.165208 0.062099 0.218818 0.082441
6 0.227571 0.269272 0.271335 0.29015
126 0.314004 0.264989 0.369803 0.288009
166 0.402626 0.260171 0.461707 0.282655
134 0.52954 0.252677 0.603939 0.273019
100 0.330416 0.209315 0.413567 0.235546
230 0.81291 0.718951 0.910284 0.745182
250 0.161926 0.271949 0.203501 0.293362
227 0.102845 0.278373 0.126915 0.301927
213 0.142232 0.311563 0.207877 0.337259
238 0.2407 0.307816 0.304158 0.332976
0 0.315098 0.304069 0.343545 0.316916
214 0.388403 0.300321 0.446389 0.321199
227 0.448578 0.298715 0.472648 0.319058
134 0.528446 0.293897 0.601751 0.313704
141 0.794311 0.291756 0.842451 0.312634
229 0.718818 0.286938 0.7593 0.311563
237 0.635667 0.287473 0.693654 0.312634
42 0.230853 0.357602 0.286652 0.383298
166 0.358862 0.352784 0.446389 0.380086
87 0.474836 0.350642 0.536105 0.372591
227 0.09628 0.372056 0.12035 0.395075
55 0.317287 0.481263 0.404814 0.506424
176 0.830416 0.456103 0.916849 0.480728
180 0.230853 0.445931 0.291028 0.473233
69 0.133479 0.452355 0.196937 0.478587
138 0.172867 0.490899 0.242888 0.513919
66 0.743982 0.3394 0.820569 0.361884
55 0.363239 0.43576 0.442013 0.459315
6 0.482495 0.42666 0.540481 0.449679
237 0.11488 0.411135 0.164114 0.43469
153 0.213348 0.398822 0.275711 0.422912
166 0.416849 0.575482 0.490153 0.607066
252 0.56674 0.567452 0.632385 0.59743
28 0.69256 0.565846 0.774617 0.600642
156 0.817287 0.560493 0.875274 0.59636
34 0.384026 0.697002 0.485777 0.726981
247 0.552516 0.690578 0.595186 0.716274
247 0.7593 0.67666 0.818381 0.702355
237 0.193654 0.709315 0.269147 0.736617
237 0.190372 0.654711 0.273523 0.680942
227 0.092998 0.662206 0.124726 0.688437
227 0.09628 0.713062 0.129103 0.74197
229 0.579869 0.786403 0.678337 0.814775
35 0.714442 0.627944 0.835886 0.658458
35 0.774617 0.773019 0.875274 0.804069
247 0.665208 0.732869 0.719912 0.766595
237 0.399344 0.648822 0.501094 0.678801
159 0.833698 0.373662 0.921225 0.394004
250 0.733042 0.417559 0.776805 0.448608
42 0.623632 0.420236 0.715536 0.446467
240 0.832604 0.414882 0.899344 0.438972
163 0.655361 0.376338 0.741794 0.399358
110 0.584245 0.467345 0.708972 0.494647
214 0.157549 0.534797 0.205689 0.559957
227 0.214442 0.530514 0.2407 0.556745
8 0.295405 0.527302 0.363239 0.552463
120 0.56674 0.514989 0.645514 0.544968
126 0.684902 0.509636 0.741794 0.536403
0 0.327133 0.578158 0.367615 0.59636
238 0.236324 0.5894 0.295405 0.617773
252 0.556893 0.836188 0.623632 0.867238
36 0.756018 0.824946 0.901532 0.853319
84 0.830416 0.883298 0.910284 0.908994
61 0.413567 0.845824 0.507659 0.877944
0 0.137856 0.914347 0.203501 0.933619
214 0.269147 0.912741 0.347921 0.944325
227 0.370897 0.907923 0.413567 0.940043
69 0.681619 0.899358 0.763676 0.932548
65 0.496718 0.900964 0.603939 0.929336
106 0.193654 0.86349 0.319475 0.895075
256 0.323851 0.801927 0.47046 0.835118
220 0.486871 0.736617 0.636761 0.764454
244 0.213348 0.756959 0.363239 0.788009
227 0.811816 0.117238 0.833698 0.142398
227 0.850109 0.118308 0.87965 0.142398
