222 0.105263 0.212589 0.147625 0.28266
84 0.173941 0.21734 0.214377 0.273159
6 0.240693 0.205463 0.269576 0.251781
100 0.697047 0.193587 0.75353 0.258907
116 0.817715 0.203088 0.869063 0.261283
157 0.093068 0.331354 0.127086 0.384798
247 0.150193 0.327791 0.175866 0.387173
88 0.227214 0.327791 0.27086 0.391924
55 0.673941 0.32304 0.735558 0.391924
14 0.835687 0.315914 0.915276 0.372922
3 0.077022 0.429929 0.106547 0.491686
252 0.127728 0.433492 0.157895 0.501188
4 0.186778 0.446556 0.223363 0.52019
252 0.241335 0.440618 0.272144 0.505938
49 0.32285 0.432304 0.381258 0.496437
162 0.641207 0.432304 0.691913 0.503563
163 0.738768 0.410926 0.789474 0.47981
247 0.823492 0.41924 0.852375 0.482185
176 0.899872 0.397862 0.948652 0.470309
157 0.068678 0.532067 0.094994 0.593824
247 0.1181 0.542755 0.145058 0.598575
83 0.192555 0.554632 0.242619 0.610451
195 0.313222 0.539192 0.391528 0.603325
128 0.420411 0.552257 0.451861 0.617577
40 0.68742 0.529691 0.745828 0.610451
6 0.603338 0.542755 0.636714 0.603325
88 0.774711 0.539192 0.824134 0.60095
55 0.860719 0.528504 0.907574 0.593824
157 0.075096 0.64133 0.102696 0.712589
247 0.12516 0.65677 0.146341 0.72209
174 0.213736 0.65677 0.279846 0.729216
165 0.328626 0.654394 0.387677 0.719715
0 0.41656 0.647268 0.454429 0.703088
182 0.48973 0.648456 0.543004 0.712589
116 0.579589 0.63658 0.629012 0.695962
250 0.657895 0.655582 0.689345 0.72209
99 0.750963 0.640143 0.81258 0.698337
65 0.852375 0.622328 0.903723 0.68171
83 0.222721 0.755344 0.279846 0.814727
74 0.336329 0.750594 0.396662 0.807601
218 0.460205 0.763658 0.528883 0.83848
157 0.549422 0.768409 0.573813 0.831354
247 0.62516 0.775534 0.652118 0.836105
128 0.685494 0.768409 0.717587 0.826603
145 0.755456 0.763658 0.802311 0.831354
6 0.849166 0.741093 0.901155 0.80285
176 0.265725 0.851544 0.308087 0.914489
181 0.382542 0.85867 0.44801 0.91924
218 0.505135 0.871734 0.569961 0.92399
157 0.625802 0.874109 0.664955 0.931116
247 0.692555 0.862233 0.720154 0.92399
170 0.749679 0.850356 0.780488 0.904988
202 0.799743 0.836105 0.840822 0.885986
157 0.858793 0.825416 0.888318 0.871734
222 0.105263 0.212589 0.147625 0.28266
84 0.173941 0.21734 0.214377 0.273159
6 0.240693 0.205463 0.269576 0.251781
100 0.697047 0.193587 0.75353 0.258907
116 0.817715 0.203088 0.869063 0.261283
157 0.093068 0.331354 0.127086 0.384798
247 0.150193 0.327791 0.175866 0.387173
88 0.227214 0.327791 0.27086 0.391924
55 0.673941 0.32304 0.735558 0.391924
14 0.835687 0.315914 0.915276 0.372922
3 0.077022 0.429929 0.106547 0.491686
252 0.127728 0.433492 0.157895 0.501188
4 0.186778 0.446556 0.223363 0.52019
252 0.241335 0.440618 0.272144 0.505938
49 0.32285 0.432304 0.381258 0.496437
162 0.641207 0.432304 0.691913 0.503563
163 0.738768 0.410926 0.789474 0.47981
247 0.823492 0.41924 0.852375 0.482185
176 0.899872 0.397862 0.948652 0.470309
157 0.068678 0.532067 0.094994 0.593824
247 0.1181 0.542755 0.145058 0.598575
83 0.192555 0.554632 0.242619 0.610451
195 0.313222 0.539192 0.391528 0.603325
128 0.420411 0.552257 0.451861 0.617577
40 0.68742 0.529691 0.745828 0.610451
6 0.603338 0.542755 0.636714 0.603325
88 0.774711 0.539192 0.824134 0.60095
55 0.860719 0.528504 0.907574 0.593824
157 0.075096 0.64133 0.102696 0.712589
247 0.12516 0.65677 0.146341 0.72209
174 0.213736 0.65677 0.279846 0.729216
165 0.328626 0.654394 0.387677 0.719715
0 0.41656 0.647268 0.454429 0.703088
182 0.48973 0.648456 0.543004 0.712589
116 0.579589 0.63658 0.629012 0.695962
250 0.657895 0.655582 0.689345 0.72209
99 0.750963 0.640143 0.81258 0.698337
65 0.852375 0.622328 0.903723 0.68171
83 0.222721 0.755344 0.279846 0.814727
74 0.336329 0.750594 0.396662 0.807601
218 0.460205 0.763658 0.528883 0.83848
157 0.549422 0.768409 0.573813 0.831354
247 0.62516 0.775534 0.652118 0.836105
128 0.685494 0.768409 0.717587 0.826603
145 0.755456 0.763658 0.802311 0.831354
6 0.849166 0.741093 0.901155 0.80285
176 0.265725 0.851544 0.308087 0.914489
181 0.382542 0.85867 0.44801 0.91924
218 0.505135 0.871734 0.569961 0.92399
157 0.625802 0.874109 0.664955 0.931116
247 0.692555 0.862233 0.720154 0.92399
170 0.749679 0.850356 0.780488 0.904988
202 0.799743 0.836105 0.840822 0.885986
157 0.858793 0.825416 0.888318 0.871734
