1 0.647643 0.093209 0.486352 0.087883
663 0.826303 0.086551 0.674938 0.087883
631 1.047146 0.083222 0.754342 0.083888
869 1.173697 0.074567 0.848635 0.079893
851 0.337469 0.156458 0.277916 0.139814
143 0.502481 0.151798 0.439206 0.133156
292 0.74938 0.147803 0.575682 0.135819
98 0.925558 0.140479 0.699752 0.126498
859 1.101737 0.144474 0.808933 0.126498
132 1.258065 0.143808 0.913151 0.122503
663 0.307692 0.227031 0.342432 0.185087
631 0.537221 0.211718 0.404467 0.178429
869 0.643921 0.211052 0.483871 0.171771
89 0.822581 0.214381 0.64268 0.178429
576 0.707196 0.227031 0.501241 0.166445
576 0.637717 0.163116 0.461538 0.126498
136 1.019851 0.207723 0.774194 0.175766
111 1.19727 0.207057 0.866005 0.166445
1 0.176179 0.316245 0.168734 0.23036
754 0.294045 0.299601 0.275434 0.229028
89 0.493797 0.288948 0.431762 0.226365
839 0.681141 0.285619 0.513648 0.23036
118 0.847395 0.285619 0.677419 0.225033
566 1.078164 0.276964 0.811414 0.215712
548 1.346154 0.276964 0.940447 0.223702
20 1.240695 0.278961 0.878412 0.217044
511 0.322581 0.36285 0.322581 0.288948
552 0.550868 0.361518 0.466501 0.275632
1 0.647643 0.093209 0.486352 0.087883
663 0.826303 0.086551 0.674938 0.087883
631 1.047146 0.083222 0.754342 0.083888
869 1.173697 0.074567 0.848635 0.079893
851 0.337469 0.156458 0.277916 0.139814
143 0.502481 0.151798 0.439206 0.133156
292 0.74938 0.147803 0.575682 0.135819
98 0.925558 0.140479 0.699752 0.126498
859 1.101737 0.144474 0.808933 0.126498
132 1.258065 0.143808 0.913151 0.122503
663 0.307692 0.227031 0.342432 0.185087
631 0.537221 0.211718 0.404467 0.178429
869 0.643921 0.211052 0.483871 0.171771
89 0.822581 0.214381 0.64268 0.178429
576 0.707196 0.227031 0.501241 0.166445
576 0.637717 0.163116 0.461538 0.126498
136 1.019851 0.207723 0.774194 0.175766
111 1.19727 0.207057 0.866005 0.166445
1 0.176179 0.316245 0.168734 0.23036
754 0.294045 0.299601 0.275434 0.229028
89 0.493797 0.288948 0.431762 0.226365
839 0.681141 0.285619 0.513648 0.23036
118 0.847395 0.285619 0.677419 0.225033
566 1.078164 0.276964 0.811414 0.215712
548 1.346154 0.276964 0.940447 0.223702
20 1.240695 0.278961 0.878412 0.217044
511 0.322581 0.36285 0.322581 0.288948
552 0.550868 0.361518 0.466501 0.275632
