380 0.525109 0.258842 0.58952 0.305466
592 0.608079 0.259646 0.639738 0.286174
85 0.286026 0.267685 0.358079 0.307074
253 0.411572 0.267685 0.471616 0.310289
552 0.708515 0.26045 0.772926 0.299035
839 0.81441 0.269293 0.862445 0.303859
248 0.242358 0.340836 0.318777 0.381029
24 0.388646 0.34164 0.489083 0.379421
514 0.625546 0.327974 0.713974 0.371383
164 0.778384 0.338424 0.855895 0.379421
181 0.206332 0.412379 0.279476 0.453376
567 0.337336 0.411576 0.408297 0.450161
592 0.402838 0.405145 0.432314 0.430868
1 0.471616 0.409164 0.510917 0.445338
71 0.563319 0.406752 0.622271 0.446945
836 0.688865 0.407556 0.768559 0.451768
828 0.811135 0.413987 0.873362 0.456592
118 0.201965 0.487942 0.277293 0.527331
724 0.362445 0.478296 0.465066 0.519293
464 0.556769 0.477492 0.657205 0.519293
839 0.708515 0.483119 0.770742 0.5209
86 0.850437 0.483119 0.934498 0.522508
514 0.14083 0.562701 0.216157 0.61254
825 0.251092 0.561093 0.312227 0.606109
661 0.316594 0.553859 0.364629 0.599678
514 0.453057 0.548232 0.537118 0.594855
553 0.597162 0.548232 0.674672 0.596463
71 0.731441 0.550643 0.803493 0.590032
754 0.864629 0.558682 0.936681 0.601286
86 0.210699 0.633441 0.28821 0.678457
490 0.349345 0.631833 0.445415 0.670418
592 0.443231 0.633441 0.471616 0.655949
496 0.552402 0.635852 0.637555 0.686495
754 0.709607 0.634244 0.799127 0.681672
566 0.849345 0.62701 0.914847 0.670418
358 0.293668 0.70418 0.355895 0.749196
869 0.389738 0.715434 0.438865 0.76045
599 0.201965 0.713826 0.266376 0.757235
112 0.484716 0.709003 0.561135 0.745981
437 0.60917 0.711415 0.668122 0.763666
86 0.727074 0.709003 0.799127 0.754019
635 0.849345 0.702572 0.938865 0.754019
839 0.546943 0.789389 0.600437 0.827974
592 0.614629 0.790193 0.652838 0.815113
839 0.706332 0.788585 0.753275 0.829582
248 0.815502 0.78537 0.888646 0.826367
86 0.567686 0.863344 0.661572 0.905145
112 0.657205 0.864148 0.724891 0.897106
592 0.724891 0.864952 0.748908 0.889068
86 0.818777 0.853698 0.888646 0.893891
380 0.525109 0.258842 0.58952 0.305466
592 0.608079 0.259646 0.639738 0.286174
85 0.286026 0.267685 0.358079 0.307074
253 0.411572 0.267685 0.471616 0.310289
552 0.708515 0.26045 0.772926 0.299035
839 0.81441 0.269293 0.862445 0.303859
248 0.242358 0.340836 0.318777 0.381029
24 0.388646 0.34164 0.489083 0.379421
514 0.625546 0.327974 0.713974 0.371383
164 0.778384 0.338424 0.855895 0.379421
181 0.206332 0.412379 0.279476 0.453376
567 0.337336 0.411576 0.408297 0.450161
592 0.402838 0.405145 0.432314 0.430868
1 0.471616 0.409164 0.510917 0.445338
71 0.563319 0.406752 0.622271 0.446945
836 0.688865 0.407556 0.768559 0.451768
828 0.811135 0.413987 0.873362 0.456592
118 0.201965 0.487942 0.277293 0.527331
724 0.362445 0.478296 0.465066 0.519293
464 0.556769 0.477492 0.657205 0.519293
839 0.708515 0.483119 0.770742 0.5209
86 0.850437 0.483119 0.934498 0.522508
514 0.14083 0.562701 0.216157 0.61254
825 0.251092 0.561093 0.312227 0.606109
661 0.316594 0.553859 0.364629 0.599678
514 0.453057 0.548232 0.537118 0.594855
553 0.597162 0.548232 0.674672 0.596463
71 0.731441 0.550643 0.803493 0.590032
754 0.864629 0.558682 0.936681 0.601286
86 0.210699 0.633441 0.28821 0.678457
490 0.349345 0.631833 0.445415 0.670418
592 0.443231 0.633441 0.471616 0.655949
496 0.552402 0.635852 0.637555 0.686495
754 0.709607 0.634244 0.799127 0.681672
566 0.849345 0.62701 0.914847 0.670418
358 0.293668 0.70418 0.355895 0.749196
869 0.389738 0.715434 0.438865 0.76045
599 0.201965 0.713826 0.266376 0.757235
112 0.484716 0.709003 0.561135 0.745981
437 0.60917 0.711415 0.668122 0.763666
86 0.727074 0.709003 0.799127 0.754019
635 0.849345 0.702572 0.938865 0.754019
839 0.546943 0.789389 0.600437 0.827974
592 0.614629 0.790193 0.652838 0.815113
839 0.706332 0.788585 0.753275 0.829582
248 0.815502 0.78537 0.888646 0.826367
86 0.567686 0.863344 0.661572 0.905145
112 0.657205 0.864148 0.724891 0.897106
592 0.724891 0.864952 0.748908 0.889068
86 0.818777 0.853698 0.888646 0.893891
