731 0.265571 0.142308 0.403114 0.207692
71 0.478374 0.136538 0.555363 0.194231
590 0.634083 0.142308 0.721453 0.196154
230 0.775952 0.139423 0.83218 0.194231
754 0.880623 0.1375 0.935986 0.198077
252 0.17474 0.257692 0.224913 0.311538
181 0.283737 0.248077 0.351211 0.3
869 0.390138 0.252885 0.429066 0.311538
252 0.482699 0.251923 0.538062 0.305769
118 0.609862 0.247115 0.681661 0.301923
737 0.74654 0.2625 0.813149 0.325
142 0.868512 0.255769 0.934256 0.309615
514 0.184256 0.378846 0.247405 0.438462
255 0.307958 0.373077 0.371972 0.440385
248 0.458478 0.369231 0.548443 0.421154
112 0.653979 0.35 0.757785 0.411538
567 0.824394 0.351923 0.892734 0.407692
580 0.782872 0.4625 0.83218 0.526923
731 0.265571 0.142308 0.403114 0.207692
71 0.478374 0.136538 0.555363 0.194231
590 0.634083 0.142308 0.721453 0.196154
230 0.775952 0.139423 0.83218 0.194231
754 0.880623 0.1375 0.935986 0.198077
252 0.17474 0.257692 0.224913 0.311538
181 0.283737 0.248077 0.351211 0.3
869 0.390138 0.252885 0.429066 0.311538
252 0.482699 0.251923 0.538062 0.305769
118 0.609862 0.247115 0.681661 0.301923
737 0.74654 0.2625 0.813149 0.325
142 0.868512 0.255769 0.934256 0.309615
514 0.184256 0.378846 0.247405 0.438462
255 0.307958 0.373077 0.371972 0.440385
248 0.458478 0.369231 0.548443 0.421154
112 0.653979 0.35 0.757785 0.411538
567 0.824394 0.351923 0.892734 0.407692
580 0.782872 0.4625 0.83218 0.526923
