247 0.194595 0.143863 0.248649 0.201207
34 0.335135 0.134809 0.421622 0.185111
93 0.574324 0.136821 0.745946 0.191147
11 0.263514 0.237425 0.375676 0.289738
14 0.498649 0.234406 0.624324 0.289738
227 0.685135 0.239437 0.737838 0.295775
165 0.225676 0.349095 0.332432 0.406439
93 0.5 0.355131 0.675676 0.410463
61 0.762162 0.349095 0.851351 0.404427
157 0.222973 0.470825 0.302703 0.521127
247 0.356757 0.475855 0.416216 0.541247
84 0.517568 0.461771 0.616216 0.509054
0 0.216216 0.585513 0.272973 0.62173
21 0.389189 0.581489 0.508108 0.635815
78 0.664865 0.581489 0.816216 0.641851
0 0.871622 0.584507 0.921622 0.623742
227 0.221622 0.707243 0.275676 0.77666
27 0.366216 0.695171 0.486486 0.762575
188 0.582432 0.701207 0.708108 0.762575
90 0.808108 0.700201 0.924324 0.764588
247 0.194595 0.143863 0.248649 0.201207
34 0.335135 0.134809 0.421622 0.185111
93 0.574324 0.136821 0.745946 0.191147
11 0.263514 0.237425 0.375676 0.289738
14 0.498649 0.234406 0.624324 0.289738
227 0.685135 0.239437 0.737838 0.295775
165 0.225676 0.349095 0.332432 0.406439
93 0.5 0.355131 0.675676 0.410463
61 0.762162 0.349095 0.851351 0.404427
157 0.222973 0.470825 0.302703 0.521127
247 0.356757 0.475855 0.416216 0.541247
84 0.517568 0.461771 0.616216 0.509054
0 0.216216 0.585513 0.272973 0.62173
21 0.389189 0.581489 0.508108 0.635815
78 0.664865 0.581489 0.816216 0.641851
0 0.871622 0.584507 0.921622 0.623742
227 0.221622 0.707243 0.275676 0.77666
27 0.366216 0.695171 0.486486 0.762575
188 0.582432 0.701207 0.708108 0.762575
90 0.808108 0.700201 0.924324 0.764588
