596 0.191935 0.080616 0.254839 0.11413
599 0.785484 0.084239 0.867742 0.11413
71 0.204839 0.143116 0.277419 0.173913
851 0.31129 0.137681 0.358065 0.168478
258 0.441935 0.13587 0.53871 0.168478
736 0.640323 0.131341 0.758065 0.161232
464 0.224194 0.201993 0.270968 0.231884
10 0.340323 0.195652 0.419355 0.224638
266 0.491935 0.190217 0.567742 0.221014
113 0.617742 0.1875 0.674194 0.211957
380 0.717742 0.186594 0.780645 0.217391
260 0.83871 0.190217 0.903226 0.219203
181 0.435484 0.248188 0.535484 0.286232
358 0.595161 0.241848 0.664516 0.271739
89 0.724194 0.250906 0.777419 0.288043
567 0.859677 0.256341 0.929032 0.291667
248 0.625806 0.07971 0.716129 0.110507
596 0.191935 0.080616 0.254839 0.11413
599 0.785484 0.084239 0.867742 0.11413
71 0.204839 0.143116 0.277419 0.173913
851 0.31129 0.137681 0.358065 0.168478
258 0.441935 0.13587 0.53871 0.168478
736 0.640323 0.131341 0.758065 0.161232
464 0.224194 0.201993 0.270968 0.231884
10 0.340323 0.195652 0.419355 0.224638
266 0.491935 0.190217 0.567742 0.221014
113 0.617742 0.1875 0.674194 0.211957
380 0.717742 0.186594 0.780645 0.217391
260 0.83871 0.190217 0.903226 0.219203
181 0.435484 0.248188 0.535484 0.286232
358 0.595161 0.241848 0.664516 0.271739
89 0.724194 0.250906 0.777419 0.288043
567 0.859677 0.256341 0.929032 0.291667
248 0.625806 0.07971 0.716129 0.110507
