812 0.682692 0.34375 0.747596 0.378125
754 0.795673 0.341406 0.848558 0.379688
736 0.625 0.764062 0.709135 0.801562
552 0.533654 0.694531 0.576923 0.729688
839 0.602163 0.690625 0.641827 0.726562
380 0.460337 0.699219 0.507212 0.739062
252 0.683894 0.690625 0.730769 0.725
737 0.384615 0.629688 0.454327 0.659375
252 0.466346 0.630469 0.512019 0.659375
10 0.705529 0.616406 0.776442 0.654688
380 0.253606 0.567969 0.310096 0.601562
1 0.325721 0.570312 0.362981 0.596875
748 0.554087 0.555469 0.588942 0.590625
10 0.603365 0.552344 0.658654 0.585938
464 0.685096 0.546875 0.737981 0.578125
117 0.758413 0.546094 0.8125 0.584375
1 0.539663 0.628906 0.567308 0.651562
464 0.59976 0.623438 0.644231 0.65625
663 0.439904 0.567188 0.524038 0.598438
464 0.323317 0.500781 0.382212 0.539062
869 0.625 0.485156 0.658654 0.525
112 0.692308 0.471875 0.735577 0.507812
85 0.782452 0.477344 0.838942 0.507812
661 0.331731 0.425781 0.377404 0.460938
380 0.501202 0.421094 0.641827 0.459375
812 0.705529 0.409375 0.778846 0.45
754 0.824519 0.40625 0.894231 0.442188
495 0.574519 0.345312 0.634615 0.376562
121 0.465144 0.352344 0.533654 0.38125
599 0.688702 0.275781 0.754808 0.3125
708 0.780048 0.263281 0.824519 0.3
136 0.546875 0.08125 0.615385 0.11875
112 0.384615 0.283594 0.439904 0.317188
812 0.682692 0.34375 0.747596 0.378125
754 0.795673 0.341406 0.848558 0.379688
736 0.625 0.764062 0.709135 0.801562
552 0.533654 0.694531 0.576923 0.729688
839 0.602163 0.690625 0.641827 0.726562
380 0.460337 0.699219 0.507212 0.739062
252 0.683894 0.690625 0.730769 0.725
737 0.384615 0.629688 0.454327 0.659375
252 0.466346 0.630469 0.512019 0.659375
10 0.705529 0.616406 0.776442 0.654688
380 0.253606 0.567969 0.310096 0.601562
1 0.325721 0.570312 0.362981 0.596875
748 0.554087 0.555469 0.588942 0.590625
10 0.603365 0.552344 0.658654 0.585938
464 0.685096 0.546875 0.737981 0.578125
117 0.758413 0.546094 0.8125 0.584375
1 0.539663 0.628906 0.567308 0.651562
464 0.59976 0.623438 0.644231 0.65625
663 0.439904 0.567188 0.524038 0.598438
464 0.323317 0.500781 0.382212 0.539062
869 0.625 0.485156 0.658654 0.525
112 0.692308 0.471875 0.735577 0.507812
85 0.782452 0.477344 0.838942 0.507812
661 0.331731 0.425781 0.377404 0.460938
380 0.501202 0.421094 0.641827 0.459375
812 0.705529 0.409375 0.778846 0.45
754 0.824519 0.40625 0.894231 0.442188
495 0.574519 0.345312 0.634615 0.376562
121 0.465144 0.352344 0.533654 0.38125
599 0.688702 0.275781 0.754808 0.3125
708 0.780048 0.263281 0.824519 0.3
136 0.546875 0.08125 0.615385 0.11875
112 0.384615 0.283594 0.439904 0.317188
