839 0.370542 0.094048 0.305152 0.099927
110 0.515852 0.098457 0.450462 0.095518
18 0.429326 0.17928 0.406869 0.157237
24 0.647292 0.180749 0.536328 0.155768
812 0.393659 0.270022 0.354029 0.221161
661 0.501982 0.270757 0.375165 0.206466
736 0.634742 0.259735 0.537649 0.210874
266 0.607001 0.35856 0.537649 0.282145
839 0.371202 0.450404 0.314399 0.337987
248 0.491413 0.454445 0.425363 0.340191
839 0.667768 0.450771 0.508587 0.338722
753 0.838177 0.4482 0.651255 0.340926
252 1.033686 0.46363 0.778071 0.335048
566 0.398943 0.355988 0.367239 0.278472
110 0.781374 0.542983 0.601057 0.405584
839 0.942536 0.548494 0.672391 0.397502
839 1.048877 0.549596 0.747688 0.399706
708 0.653897 0.530125 0.491413 0.390154
578 0.544254 0.533799 0.417437 0.400441
566 0.389036 0.531227 0.357992 0.399706
1 0.3679 0.636664 0.307794 0.451874
248 0.541612 0.633358 0.462351 0.457017
132 0.727873 0.635562 0.568032 0.457017
753 0.895641 0.624541 0.673712 0.451139
252 1.076618 0.640338 0.808454 0.459221
754 0.866579 0.717855 0.689564 0.517267
869 1.083223 0.723733 0.78996 0.515797
812 0.371863 0.721161 0.347424 0.526819
696 0.57926 0.721161 0.532365 0.52241
252 0.387715 0.823292 0.357992 0.578251
16 0.623514 0.811903 0.546896 0.576047
132 0.844122 0.817781 0.647292 0.580456
1 0.350066 0.911462 0.298547 0.628215
663 0.553501 0.895298 0.520476 0.645849
631 0.76288 0.895298 0.571995 0.64144
869 0.875826 0.902278 0.636724 0.634827
839 0.97424 0.905217 0.688243 0.630419
110 1.110304 0.897502 0.822985 0.635562
514 0.358653 0.992652 0.339498 0.708303
839 0.500661 1.005511 0.372523 0.707568
753 0.602378 1.001837 0.451783 0.703159
142 0.754293 0.996694 0.610304 0.70022
754 0.967635 0.993755 0.727873 0.70169
248 0.387715 1.093314 0.36856 0.765614
71 0.615588 1.097722 0.509908 0.767083
120 0.78996 1.084497 0.612946 0.765614
736 0.38111 1.181484 0.36856 0.828802
98 0.59247 1.182219 0.476882 0.828802
839 0.370542 0.094048 0.305152 0.099927
110 0.515852 0.098457 0.450462 0.095518
18 0.429326 0.17928 0.406869 0.157237
24 0.647292 0.180749 0.536328 0.155768
812 0.393659 0.270022 0.354029 0.221161
661 0.501982 0.270757 0.375165 0.206466
736 0.634742 0.259735 0.537649 0.210874
266 0.607001 0.35856 0.537649 0.282145
839 0.371202 0.450404 0.314399 0.337987
248 0.491413 0.454445 0.425363 0.340191
839 0.667768 0.450771 0.508587 0.338722
753 0.838177 0.4482 0.651255 0.340926
252 1.033686 0.46363 0.778071 0.335048
566 0.398943 0.355988 0.367239 0.278472
110 0.781374 0.542983 0.601057 0.405584
839 0.942536 0.548494 0.672391 0.397502
839 1.048877 0.549596 0.747688 0.399706
708 0.653897 0.530125 0.491413 0.390154
578 0.544254 0.533799 0.417437 0.400441
566 0.389036 0.531227 0.357992 0.399706
1 0.3679 0.636664 0.307794 0.451874
248 0.541612 0.633358 0.462351 0.457017
132 0.727873 0.635562 0.568032 0.457017
753 0.895641 0.624541 0.673712 0.451139
252 1.076618 0.640338 0.808454 0.459221
754 0.866579 0.717855 0.689564 0.517267
869 1.083223 0.723733 0.78996 0.515797
812 0.371863 0.721161 0.347424 0.526819
696 0.57926 0.721161 0.532365 0.52241
252 0.387715 0.823292 0.357992 0.578251
16 0.623514 0.811903 0.546896 0.576047
132 0.844122 0.817781 0.647292 0.580456
1 0.350066 0.911462 0.298547 0.628215
663 0.553501 0.895298 0.520476 0.645849
631 0.76288 0.895298 0.571995 0.64144
869 0.875826 0.902278 0.636724 0.634827
839 0.97424 0.905217 0.688243 0.630419
110 1.110304 0.897502 0.822985 0.635562
514 0.358653 0.992652 0.339498 0.708303
839 0.500661 1.005511 0.372523 0.707568
753 0.602378 1.001837 0.451783 0.703159
142 0.754293 0.996694 0.610304 0.70022
754 0.967635 0.993755 0.727873 0.70169
248 0.387715 1.093314 0.36856 0.765614
71 0.615588 1.097722 0.509908 0.767083
120 0.78996 1.084497 0.612946 0.765614
736 0.38111 1.181484 0.36856 0.828802
98 0.59247 1.182219 0.476882 0.828802
