5 0.358839 0.548635 0.440633 0.588737
11 0.26781 0.266212 0.366755 0.313993
141 0.21372 0.547782 0.306069 0.587031
180 0.76781 0.55802 0.844327 0.610922
247 0.724274 0.366041 0.78628 0.421502
170 0.255937 0.736348 0.306069 0.778157
103 0.521108 0.75256 0.60686 0.803754
8 0.551451 0.546075 0.672823 0.602389
32 0.563325 0.362628 0.667546 0.40785
86 0.422164 0.447952 0.498681 0.491468
14 0.484169 0.264505 0.622691 0.3157
221 0.385224 0.354949 0.488127 0.40273
222 0.647757 0.767065 0.736148 0.813993
211 0.300792 0.449659 0.37467 0.498294
246 0.220317 0.362628 0.306069 0.411263
47 0.279683 0.643345 0.369393 0.6843
12 0.744063 0.47099 0.846966 0.511945
14 0.579156 0.66041 0.701847 0.701365
180 0.204485 0.448805 0.274406 0.5
165 0.592348 0.455631 0.704485 0.505119
227 0.875989 0.569113 0.912929 0.605802
170 0.167546 0.640785 0.216359 0.68942
103 0.41029 0.651024 0.490765 0.704778
247 0.737467 0.665529 0.78628 0.706485
247 0.824538 0.661263 0.868074 0.701365
47 0.415567 0.756826 0.53562 0.800341
5 0.358839 0.548635 0.440633 0.588737
11 0.26781 0.266212 0.366755 0.313993
141 0.21372 0.547782 0.306069 0.587031
180 0.76781 0.55802 0.844327 0.610922
247 0.724274 0.366041 0.78628 0.421502
170 0.255937 0.736348 0.306069 0.778157
103 0.521108 0.75256 0.60686 0.803754
8 0.551451 0.546075 0.672823 0.602389
32 0.563325 0.362628 0.667546 0.40785
86 0.422164 0.447952 0.498681 0.491468
14 0.484169 0.264505 0.622691 0.3157
221 0.385224 0.354949 0.488127 0.40273
222 0.647757 0.767065 0.736148 0.813993
211 0.300792 0.449659 0.37467 0.498294
246 0.220317 0.362628 0.306069 0.411263
47 0.279683 0.643345 0.369393 0.6843
12 0.744063 0.47099 0.846966 0.511945
14 0.579156 0.66041 0.701847 0.701365
180 0.204485 0.448805 0.274406 0.5
165 0.592348 0.455631 0.704485 0.505119
227 0.875989 0.569113 0.912929 0.605802
170 0.167546 0.640785 0.216359 0.68942
103 0.41029 0.651024 0.490765 0.704778
247 0.737467 0.665529 0.78628 0.706485
247 0.824538 0.661263 0.868074 0.701365
47 0.415567 0.756826 0.53562 0.800341
