812 0.523585 0.267994 0.433962 0.24196
754 0.681604 0.265697 0.533019 0.228178
559 0.619104 0.367534 0.516509 0.294028
839 0.829009 0.363706 0.615566 0.295559
839 0.512972 0.47856 0.393868 0.366003
812 0.650943 0.475498 0.514151 0.366003
754 0.806604 0.47856 0.603774 0.366003
248 0.345519 0.479326 0.318396 0.367534
24 0.334906 0.569678 0.353774 0.437979
89 0.59316 0.577335 0.507075 0.437979
266 0.955189 0.561256 0.740566 0.427259
113 1.142689 0.562787 0.823113 0.411945
754 0.23467 0.691424 0.224057 0.51608
839 0.367925 0.69755 0.306604 0.51608
110 0.497642 0.689893 0.419811 0.509954
10 0.627358 0.679173 0.485849 0.509954
754 0.754717 0.677642 0.566038 0.503828
380 0.883255 0.668453 0.667453 0.500766
567 1.004717 0.668453 0.740566 0.497703
136 1.135613 0.661562 0.841981 0.490046
292 0.125 0.803982 0.136792 0.591118
552 0.25 0.803216 0.25 0.592649
1 0.349057 0.819296 0.278302 0.575804
663 0.475236 0.79173 0.445755 0.58193
631 0.674528 0.772588 0.514151 0.57121
89 0.826651 0.779479 0.648585 0.575804
490 1.003538 0.775651 0.757075 0.562021
511 1.170991 0.775651 0.860849 0.565084
635 0.287736 0.905054 0.311321 0.667688
567 0.490566 0.893568 0.438679 0.650842
112 0.643868 0.885911 0.514151 0.644717
661 0.762972 0.886677 0.563679 0.649311
839 0.886792 0.879786 0.665094 0.647779
496 1.051887 0.874426 0.801887 0.633997
89 1.260613 0.85758 0.926887 0.624809
10 0.175708 1.018377 0.191038 0.722818
464 0.310142 1.016845 0.28066 0.728943
117 0.432783 1.004594 0.365566 0.725881
1 0.567217 1.001531 0.436321 0.710567
1 0.659198 1.003828 0.478774 0.699847
464 0.732311 0.997703 0.554245 0.721286
380 0.849057 0.990046 0.636792 0.709035
260 1.036557 0.983155 0.832547 0.707504
118 0.253538 1.117917 0.257075 0.799387
252 0.136792 1.117152 0.15566 0.788668
560 0.454009 1.114089 0.42217 0.797856
140 0.660377 1.099541 0.542453 0.790199
552 0.845519 1.092649 0.629717 0.785605
839 0.971698 1.091884 0.698113 0.777948
748 1.051887 1.089587 0.75 0.776417
566 1.154481 1.075804 0.832547 0.770291
754 0.28184 1.226646 0.275943 0.866769
296 0.485849 1.217458 0.429245 0.85758
248 0.713443 1.209801 0.596698 0.854518
724 0.949292 1.194487 0.742925 0.845329
736 1.189858 1.182236 0.92217 0.833078
839 0.23467 1.331547 0.200472 0.941807
748 0.319575 1.327718 0.261792 0.940276
724 0.429245 1.320827 0.40566 0.929556
834 0.523585 1.323124 0.396226 0.924962
753 0.622642 1.316233 0.476415 0.929556
812 0.75 1.307044 0.575472 0.920368
754 0.899764 1.300919 0.681604 0.917305
884 1.127358 1.282542 0.849057 0.901991
812 0.523585 0.267994 0.433962 0.24196
754 0.681604 0.265697 0.533019 0.228178
559 0.619104 0.367534 0.516509 0.294028
839 0.829009 0.363706 0.615566 0.295559
839 0.512972 0.47856 0.393868 0.366003
812 0.650943 0.475498 0.514151 0.366003
754 0.806604 0.47856 0.603774 0.366003
248 0.345519 0.479326 0.318396 0.367534
24 0.334906 0.569678 0.353774 0.437979
89 0.59316 0.577335 0.507075 0.437979
266 0.955189 0.561256 0.740566 0.427259
113 1.142689 0.562787 0.823113 0.411945
754 0.23467 0.691424 0.224057 0.51608
839 0.367925 0.69755 0.306604 0.51608
110 0.497642 0.689893 0.419811 0.509954
10 0.627358 0.679173 0.485849 0.509954
754 0.754717 0.677642 0.566038 0.503828
380 0.883255 0.668453 0.667453 0.500766
567 1.004717 0.668453 0.740566 0.497703
136 1.135613 0.661562 0.841981 0.490046
292 0.125 0.803982 0.136792 0.591118
552 0.25 0.803216 0.25 0.592649
1 0.349057 0.819296 0.278302 0.575804
663 0.475236 0.79173 0.445755 0.58193
631 0.674528 0.772588 0.514151 0.57121
89 0.826651 0.779479 0.648585 0.575804
490 1.003538 0.775651 0.757075 0.562021
511 1.170991 0.775651 0.860849 0.565084
635 0.287736 0.905054 0.311321 0.667688
567 0.490566 0.893568 0.438679 0.650842
112 0.643868 0.885911 0.514151 0.644717
661 0.762972 0.886677 0.563679 0.649311
839 0.886792 0.879786 0.665094 0.647779
496 1.051887 0.874426 0.801887 0.633997
89 1.260613 0.85758 0.926887 0.624809
10 0.175708 1.018377 0.191038 0.722818
464 0.310142 1.016845 0.28066 0.728943
117 0.432783 1.004594 0.365566 0.725881
1 0.567217 1.001531 0.436321 0.710567
1 0.659198 1.003828 0.478774 0.699847
464 0.732311 0.997703 0.554245 0.721286
380 0.849057 0.990046 0.636792 0.709035
260 1.036557 0.983155 0.832547 0.707504
118 0.253538 1.117917 0.257075 0.799387
252 0.136792 1.117152 0.15566 0.788668
560 0.454009 1.114089 0.42217 0.797856
140 0.660377 1.099541 0.542453 0.790199
552 0.845519 1.092649 0.629717 0.785605
839 0.971698 1.091884 0.698113 0.777948
748 1.051887 1.089587 0.75 0.776417
566 1.154481 1.075804 0.832547 0.770291
754 0.28184 1.226646 0.275943 0.866769
296 0.485849 1.217458 0.429245 0.85758
248 0.713443 1.209801 0.596698 0.854518
724 0.949292 1.194487 0.742925 0.845329
736 1.189858 1.182236 0.92217 0.833078
839 0.23467 1.331547 0.200472 0.941807
748 0.319575 1.327718 0.261792 0.940276
724 0.429245 1.320827 0.40566 0.929556
834 0.523585 1.323124 0.396226 0.924962
753 0.622642 1.316233 0.476415 0.929556
812 0.75 1.307044 0.575472 0.920368
754 0.899764 1.300919 0.681604 0.917305
884 1.127358 1.282542 0.849057 0.901991
