120 0.60906 0.079118 0.728188 0.103761
11 0.233221 0.142023 0.318792 0.171206
230 0.392617 0.137484 0.479866 0.169909
14 0.614094 0.138781 0.758389 0.1738
227 0.204698 0.207523 0.268456 0.238651
6 0.350671 0.206874 0.449664 0.238651
194 0.489933 0.199741 0.533557 0.225681
68 0.624161 0.207523 0.768456 0.238651
238 0.229866 0.273671 0.315436 0.307393
223 0.473154 0.275616 0.647651 0.309987
32 0.729866 0.271725 0.838926 0.307393
195 0.364094 0.348249 0.516779 0.385214
141 0.788591 0.35214 0.875839 0.387808
149 0.60906 0.356031 0.711409 0.385214
93 0.510067 0.43061 0.684564 0.468223
61 0.790268 0.426719 0.902685 0.463035
120 0.60906 0.079118 0.728188 0.103761
11 0.233221 0.142023 0.318792 0.171206
230 0.392617 0.137484 0.479866 0.169909
14 0.614094 0.138781 0.758389 0.1738
227 0.204698 0.207523 0.268456 0.238651
6 0.350671 0.206874 0.449664 0.238651
194 0.489933 0.199741 0.533557 0.225681
68 0.624161 0.207523 0.768456 0.238651
238 0.229866 0.273671 0.315436 0.307393
223 0.473154 0.275616 0.647651 0.309987
32 0.729866 0.271725 0.838926 0.307393
195 0.364094 0.348249 0.516779 0.385214
141 0.788591 0.35214 0.875839 0.387808
149 0.60906 0.356031 0.711409 0.385214
93 0.510067 0.43061 0.684564 0.468223
61 0.790268 0.426719 0.902685 0.463035
