134 0.850685 0.541016 0.953425 0.601562
157 0.187671 0.455078 0.273973 0.515625
157 0.206849 0.324219 0.282192 0.386719
138 0.545205 0.442383 0.726027 0.507812
157 0.515068 0.674805 0.605479 0.726562
149 0.524658 0.310547 0.676712 0.380859
8 0.284932 0.566406 0.457534 0.623047
134 0.282192 0.682617 0.443836 0.728516
180 0.423288 0.797852 0.509589 0.851562
21 0.234247 0.802734 0.367123 0.863281
243 0.613699 0.800781 0.728767 0.869141
189 0.813699 0.288086 0.945205 0.357422
188 0.569863 0.555664 0.753425 0.621094
149 0.841096 0.416016 0.978082 0.484375
149 0.513699 0.181641 0.654795 0.25
14 0.752055 0.166016 0.871233 0.226562
157 0.210959 0.207031 0.284932 0.267578
247 0.336986 0.199219 0.394521 0.255859
247 0.330137 0.322266 0.386301 0.384766
247 0.317808 0.452148 0.375342 0.505859
247 0.689041 0.664062 0.775342 0.720703
134 0.850685 0.541016 0.953425 0.601562
157 0.187671 0.455078 0.273973 0.515625
157 0.206849 0.324219 0.282192 0.386719
138 0.545205 0.442383 0.726027 0.507812
157 0.515068 0.674805 0.605479 0.726562
149 0.524658 0.310547 0.676712 0.380859
8 0.284932 0.566406 0.457534 0.623047
134 0.282192 0.682617 0.443836 0.728516
180 0.423288 0.797852 0.509589 0.851562
21 0.234247 0.802734 0.367123 0.863281
243 0.613699 0.800781 0.728767 0.869141
189 0.813699 0.288086 0.945205 0.357422
188 0.569863 0.555664 0.753425 0.621094
149 0.841096 0.416016 0.978082 0.484375
149 0.513699 0.181641 0.654795 0.25
14 0.752055 0.166016 0.871233 0.226562
157 0.210959 0.207031 0.284932 0.267578
247 0.336986 0.199219 0.394521 0.255859
247 0.330137 0.322266 0.386301 0.384766
247 0.317808 0.452148 0.375342 0.505859
247 0.689041 0.664062 0.775342 0.720703
