149 0.200528 0.151363 0.269129 0.183644
158 0.332454 0.133429 0.398417 0.164993
230 0.456464 0.129842 0.522427 0.162123
0 0.556728 0.126973 0.596306 0.150646
126 0.653034 0.121234 0.709763 0.153515
84 0.175462 0.225251 0.23219 0.259684
163 0.304749 0.210187 0.377309 0.242468
199 0.492084 0.196557 0.612137 0.23099
0 0.647757 0.185079 0.6781 0.2066
12 0.722955 0.181492 0.783641 0.213773
93 0.191293 0.289096 0.279683 0.322812
37 0.312665 0.270445 0.366755 0.304161
120 0.436675 0.264706 0.519789 0.295552
0 0.560686 0.25825 0.612137 0.281205
126 0.672823 0.251793 0.746702 0.28264
120 0.810026 0.247489 0.878628 0.276901
196 0.150396 0.360832 0.211082 0.394548
238 0.643799 0.317073 0.728232 0.350072
247 0.762533 0.319943 0.807388 0.348637
34 0.846966 0.319943 0.91029 0.347202
238 0.14248 0.433286 0.200528 0.466284
194 0.224274 0.416786 0.258575 0.447633
214 0.555409 0.393113 0.620053 0.427547
165 0.306069 0.411765 0.369393 0.444763
221 0.689974 0.388809 0.765172 0.420373
28 0.832454 0.38594 0.905013 0.413199
157 0.225594 0.500717 0.269129 0.533716
97 0.141161 0.506456 0.192612 0.545194
93 0.335092 0.490674 0.419525 0.527977
37 0.477573 0.474892 0.538259 0.505022
120 0.593668 0.469871 0.664908 0.505022
84 0.724274 0.46198 0.791557 0.493544
100 0.856201 0.462697 0.923483 0.48924
157 0.139842 0.584648 0.192612 0.621234
247 0.226913 0.574605 0.271768 0.61406
26 0.610818 0.538737 0.71504 0.571019
237 0.788918 0.529412 0.881266 0.568149
154 0.387863 0.560258 0.496042 0.599713
194 0.110818 0.656385 0.158311 0.697274
21 0.211082 0.649928 0.287599 0.69297
182 0.35752 0.638451 0.432718 0.675753
21 0.526385 0.617647 0.630607 0.654232
247 0.717678 0.606169 0.781003 0.639885
247 0.833773 0.604017 0.878628 0.638451
251 0.120053 0.728838 0.163588 0.771879
21 0.346966 0.700861 0.437995 0.736011
139 0.543536 0.685796 0.643799 0.72023
249 0.705805 0.67934 0.775726 0.715925
247 0.825858 0.672166 0.873351 0.710187
0 0.117414 0.798422 0.16095 0.822095
126 0.201847 0.789813 0.255937 0.823529
6 0.315303 0.776901 0.382586 0.810617
6 0.430079 0.768293 0.490765 0.806313
140 0.588391 0.753945 0.691293 0.790531
6 0.761214 0.751076 0.823219 0.789096
238 0.134565 0.863702 0.203166 0.901004
194 0.221636 0.857963 0.255937 0.8967
166 0.306069 0.852224 0.372032 0.889527
36 0.430079 0.839311 0.490765 0.866571
44 0.441953 0.398852 0.522427 0.430416
149 0.200528 0.151363 0.269129 0.183644
158 0.332454 0.133429 0.398417 0.164993
230 0.456464 0.129842 0.522427 0.162123
0 0.556728 0.126973 0.596306 0.150646
126 0.653034 0.121234 0.709763 0.153515
84 0.175462 0.225251 0.23219 0.259684
163 0.304749 0.210187 0.377309 0.242468
199 0.492084 0.196557 0.612137 0.23099
0 0.647757 0.185079 0.6781 0.2066
12 0.722955 0.181492 0.783641 0.213773
93 0.191293 0.289096 0.279683 0.322812
37 0.312665 0.270445 0.366755 0.304161
120 0.436675 0.264706 0.519789 0.295552
0 0.560686 0.25825 0.612137 0.281205
126 0.672823 0.251793 0.746702 0.28264
120 0.810026 0.247489 0.878628 0.276901
196 0.150396 0.360832 0.211082 0.394548
238 0.643799 0.317073 0.728232 0.350072
247 0.762533 0.319943 0.807388 0.348637
34 0.846966 0.319943 0.91029 0.347202
238 0.14248 0.433286 0.200528 0.466284
194 0.224274 0.416786 0.258575 0.447633
214 0.555409 0.393113 0.620053 0.427547
165 0.306069 0.411765 0.369393 0.444763
221 0.689974 0.388809 0.765172 0.420373
28 0.832454 0.38594 0.905013 0.413199
157 0.225594 0.500717 0.269129 0.533716
97 0.141161 0.506456 0.192612 0.545194
93 0.335092 0.490674 0.419525 0.527977
37 0.477573 0.474892 0.538259 0.505022
120 0.593668 0.469871 0.664908 0.505022
84 0.724274 0.46198 0.791557 0.493544
100 0.856201 0.462697 0.923483 0.48924
157 0.139842 0.584648 0.192612 0.621234
247 0.226913 0.574605 0.271768 0.61406
26 0.610818 0.538737 0.71504 0.571019
237 0.788918 0.529412 0.881266 0.568149
154 0.387863 0.560258 0.496042 0.599713
194 0.110818 0.656385 0.158311 0.697274
21 0.211082 0.649928 0.287599 0.69297
182 0.35752 0.638451 0.432718 0.675753
21 0.526385 0.617647 0.630607 0.654232
247 0.717678 0.606169 0.781003 0.639885
247 0.833773 0.604017 0.878628 0.638451
251 0.120053 0.728838 0.163588 0.771879
21 0.346966 0.700861 0.437995 0.736011
139 0.543536 0.685796 0.643799 0.72023
249 0.705805 0.67934 0.775726 0.715925
247 0.825858 0.672166 0.873351 0.710187
0 0.117414 0.798422 0.16095 0.822095
126 0.201847 0.789813 0.255937 0.823529
6 0.315303 0.776901 0.382586 0.810617
6 0.430079 0.768293 0.490765 0.806313
140 0.588391 0.753945 0.691293 0.790531
6 0.761214 0.751076 0.823219 0.789096
238 0.134565 0.863702 0.203166 0.901004
194 0.221636 0.857963 0.255937 0.8967
166 0.306069 0.852224 0.372032 0.889527
36 0.430079 0.839311 0.490765 0.866571
44 0.441953 0.398852 0.522427 0.430416
