157 0.568898 0.351082 0.69685 0.392679
247 0.785433 0.348586 0.88189 0.397671
227 0.557087 0.460067 0.661417 0.50416
253 0.683071 0.445923 0.779528 0.497504
84 0.594488 0.53827 0.720472 0.575707
84 0.596457 0.636439 0.728346 0.677205
84 0.612205 0.731281 0.73622 0.768719
182 0.659449 0.817804 0.80315 0.863561
138 0.677165 0.905158 0.80315 0.943428
157 0.568898 0.351082 0.69685 0.392679
247 0.785433 0.348586 0.88189 0.397671
227 0.557087 0.460067 0.661417 0.50416
253 0.683071 0.445923 0.779528 0.497504
84 0.594488 0.53827 0.720472 0.575707
84 0.596457 0.636439 0.728346 0.677205
84 0.612205 0.731281 0.73622 0.768719
182 0.659449 0.817804 0.80315 0.863561
138 0.677165 0.905158 0.80315 0.943428
