869 0.633218 0.179934 0.705882 0.215589
661 0.756055 0.177446 0.820069 0.210614
5 0.444637 0.242123 0.591696 0.288557
661 0.583045 0.248756 0.633218 0.280265
380 0.693772 0.247098 0.771626 0.280265
869 0.82526 0.248756 0.899654 0.295191
258 0.67128 0.310945 0.809689 0.339967
16 0.290657 0.381426 0.432526 0.421227
828 0.49654 0.374793 0.577855 0.411277
142 0.67128 0.373964 0.788927 0.412935
252 0.179931 0.437811 0.283737 0.467662
298 0.423875 0.441957 0.553633 0.477612
358 0.676471 0.443615 0.806228 0.47927
812 0.302768 0.516584 0.404844 0.555556
589 0.458478 0.50995 0.546713 0.552239
464 0.581315 0.515755 0.653979 0.558872
548 0.728374 0.507463 0.820069 0.548922
110 0.280277 0.587894 0.373702 0.631841
491 0.50173 0.587894 0.633218 0.628524
552 0.686851 0.578773 0.754325 0.618574
490 0.237024 0.667496 0.377163 0.704809
859 0.425606 0.66335 0.491349 0.698176
561 0.603806 0.664179 0.719723 0.698176
839 0.261246 0.749585 0.32872 0.787728
736 0.429066 0.739635 0.577855 0.782753
839 0.640138 0.741294 0.712803 0.781095
497 0.302768 0.823383 0.463668 0.862355
10 0.522491 0.812604 0.612457 0.850746
561 0.653979 0.89801 0.754325 0.943615
869 0.633218 0.179934 0.705882 0.215589
661 0.756055 0.177446 0.820069 0.210614
5 0.444637 0.242123 0.591696 0.288557
661 0.583045 0.248756 0.633218 0.280265
380 0.693772 0.247098 0.771626 0.280265
869 0.82526 0.248756 0.899654 0.295191
258 0.67128 0.310945 0.809689 0.339967
16 0.290657 0.381426 0.432526 0.421227
828 0.49654 0.374793 0.577855 0.411277
142 0.67128 0.373964 0.788927 0.412935
252 0.179931 0.437811 0.283737 0.467662
298 0.423875 0.441957 0.553633 0.477612
358 0.676471 0.443615 0.806228 0.47927
812 0.302768 0.516584 0.404844 0.555556
589 0.458478 0.50995 0.546713 0.552239
464 0.581315 0.515755 0.653979 0.558872
548 0.728374 0.507463 0.820069 0.548922
110 0.280277 0.587894 0.373702 0.631841
491 0.50173 0.587894 0.633218 0.628524
552 0.686851 0.578773 0.754325 0.618574
490 0.237024 0.667496 0.377163 0.704809
859 0.425606 0.66335 0.491349 0.698176
561 0.603806 0.664179 0.719723 0.698176
839 0.261246 0.749585 0.32872 0.787728
736 0.429066 0.739635 0.577855 0.782753
839 0.640138 0.741294 0.712803 0.781095
497 0.302768 0.823383 0.463668 0.862355
10 0.522491 0.812604 0.612457 0.850746
561 0.653979 0.89801 0.754325 0.943615
