93 0.552106 0.069386 0.662971 0.09428
247 0.711752 0.0625 0.75388 0.080508
120 0.823725 0.060381 0.898004 0.083686
55 0.225055 0.274894 0.323725 0.300847
32 0.456763 0.257945 0.536585 0.286017
180 0.386918 0.069915 0.450111 0.09322
227 0.099778 0.080508 0.126386 0.098517
227 0.099778 0.119174 0.13082 0.141949
10 0.213969 0.110169 0.312639 0.134534
28 0.446785 0.102754 0.543237 0.122881
247 0.701774 0.099576 0.756098 0.123941
247 0.831486 0.092161 0.878049 0.113347
28 0.466741 0.136653 0.576497 0.159958
227 0.099778 0.15678 0.124169 0.177966
8 0.216186 0.150424 0.314856 0.175847
34 0.207317 0.189089 0.299335 0.212924
211 0.277162 0.225106 0.341463 0.247881
6 0.18071 0.228814 0.239468 0.251059
227 0.095344 0.197564 0.119734 0.21822
227 0.094235 0.242055 0.115299 0.264831
246 0.804878 0.126059 0.895787 0.149364
89 0.463415 0.173199 0.578714 0.197034
35 0.771619 0.167373 0.86918 0.188559
34 0.814856 0.20339 0.900222 0.225636
27 0.812639 0.246292 0.909091 0.272246
150 0.45122 0.214513 0.567627 0.240466
97 0.648559 0.211335 0.733925 0.243644
227 0.096452 0.287606 0.121951 0.313559
227 0.09867 0.328919 0.128603 0.352754
0 0.248337 0.315148 0.35255 0.333686
31 0.508869 0.293432 0.654102 0.317797
230 0.781596 0.293962 0.915743 0.327331
227 0.095344 0.377119 0.124169 0.403602
61 0.191796 0.35911 0.266075 0.389831
134 0.403548 0.348517 0.538803 0.379237
171 0.601996 0.326271 0.662971 0.350636
185 0.809313 0.310911 0.858093 0.337924
252 0.86031 0.363347 0.913525 0.395127
230 0.737251 0.380826 0.809313 0.416314
227 0.095344 0.423729 0.119734 0.440678
6 0.141907 0.413136 0.179601 0.4375
126 0.21286 0.411017 0.257206 0.436441
93 0.350333 0.400424 0.452328 0.429025
150 0.550998 0.387712 0.669623 0.419492
6 0.137472 0.458157 0.206208 0.485169
36 0.266075 0.444915 0.330377 0.460805
176 0.420177 0.434852 0.507761 0.456568
165 0.141907 0.496822 0.210643 0.520127
79 0.454545 0.472987 0.543237 0.498941
157 0.610865 0.462394 0.676275 0.487288
247 0.706208 0.457627 0.738359 0.481992
120 0.817073 0.449682 0.886918 0.472458
83 0.281596 0.48464 0.365854 0.510593
134 0.460089 0.518538 0.543237 0.542373
120 0.605322 0.51589 0.68071 0.544492
213 0.735033 0.507415 0.813747 0.536017
238 0.859202 0.489936 0.924612 0.513771
9 0.307095 0.529661 0.390244 0.554025
248 0.207317 0.538665 0.237251 0.5625
128 0.118625 0.541843 0.161863 0.564619
138 0.276053 0.572564 0.356984 0.595339
149 0.502217 0.56197 0.631929 0.590042
126 0.279379 0.615996 0.370288 0.641949
166 0.457871 0.608581 0.549889 0.633475
134 0.657428 0.597458 0.751663 0.623941
120 0.827051 0.592161 0.900222 0.616525
209 0.801552 0.54714 0.929047 0.576271
236 0.126386 0.629237 0.190687 0.65572
227 0.096452 0.68803 0.128603 0.715042
6 0.190687 0.681144 0.272727 0.708686
180 0.342572 0.670551 0.427938 0.701271
97 0.577605 0.658898 0.67184 0.6875
34 0.808204 0.645657 0.89357 0.67161
227 0.097561 0.739407 0.133038 0.764831
181 0.28714 0.722458 0.450111 0.752119
125 0.568736 0.70339 0.689579 0.728814
188 0.798226 0.689089 0.922395 0.716102
227 0.099778 0.783369 0.13082 0.806144
61 0.213969 0.773305 0.305987 0.800847
121 0.808204 0.738347 0.913525 0.778602
119 0.490022 0.762182 0.629712 0.794492
6 0.134146 0.824153 0.195122 0.849576
36 0.296009 0.811441 0.388027 0.835805
176 0.453437 0.802966 0.534368 0.829449
227 0.778271 0.789195 0.798226 0.813559
227 0.800443 0.790254 0.820399 0.8125
227 0.847007 0.786547 0.886918 0.815678
165 0.140798 0.862818 0.206208 0.89089
247 0.260532 0.858051 0.310421 0.882415
221 0.411308 0.845339 0.514412 0.872881
80 0.600887 0.842161 0.700665 0.873941
181 0.749446 0.832097 0.83592 0.865466
252 0.870288 0.829449 0.91796 0.85911
237 0.119734 0.909958 0.168514 0.936441
153 0.226164 0.900953 0.292683 0.932203
134 0.388027 0.893008 0.485588 0.920551
120 0.873614 0.885064 0.926829 0.908898
35 0.777162 0.882415 0.842572 0.908898
157 0.652993 0.889831 0.718404 0.909958
169 0.523282 0.896186 0.574279 0.922669
93 0.552106 0.069386 0.662971 0.09428
247 0.711752 0.0625 0.75388 0.080508
120 0.823725 0.060381 0.898004 0.083686
55 0.225055 0.274894 0.323725 0.300847
32 0.456763 0.257945 0.536585 0.286017
180 0.386918 0.069915 0.450111 0.09322
227 0.099778 0.080508 0.126386 0.098517
227 0.099778 0.119174 0.13082 0.141949
10 0.213969 0.110169 0.312639 0.134534
28 0.446785 0.102754 0.543237 0.122881
247 0.701774 0.099576 0.756098 0.123941
247 0.831486 0.092161 0.878049 0.113347
28 0.466741 0.136653 0.576497 0.159958
227 0.099778 0.15678 0.124169 0.177966
8 0.216186 0.150424 0.314856 0.175847
34 0.207317 0.189089 0.299335 0.212924
211 0.277162 0.225106 0.341463 0.247881
6 0.18071 0.228814 0.239468 0.251059
227 0.095344 0.197564 0.119734 0.21822
227 0.094235 0.242055 0.115299 0.264831
246 0.804878 0.126059 0.895787 0.149364
89 0.463415 0.173199 0.578714 0.197034
35 0.771619 0.167373 0.86918 0.188559
34 0.814856 0.20339 0.900222 0.225636
27 0.812639 0.246292 0.909091 0.272246
150 0.45122 0.214513 0.567627 0.240466
97 0.648559 0.211335 0.733925 0.243644
227 0.096452 0.287606 0.121951 0.313559
227 0.09867 0.328919 0.128603 0.352754
0 0.248337 0.315148 0.35255 0.333686
31 0.508869 0.293432 0.654102 0.317797
230 0.781596 0.293962 0.915743 0.327331
227 0.095344 0.377119 0.124169 0.403602
61 0.191796 0.35911 0.266075 0.389831
134 0.403548 0.348517 0.538803 0.379237
171 0.601996 0.326271 0.662971 0.350636
185 0.809313 0.310911 0.858093 0.337924
252 0.86031 0.363347 0.913525 0.395127
230 0.737251 0.380826 0.809313 0.416314
227 0.095344 0.423729 0.119734 0.440678
6 0.141907 0.413136 0.179601 0.4375
126 0.21286 0.411017 0.257206 0.436441
93 0.350333 0.400424 0.452328 0.429025
150 0.550998 0.387712 0.669623 0.419492
6 0.137472 0.458157 0.206208 0.485169
36 0.266075 0.444915 0.330377 0.460805
176 0.420177 0.434852 0.507761 0.456568
165 0.141907 0.496822 0.210643 0.520127
79 0.454545 0.472987 0.543237 0.498941
157 0.610865 0.462394 0.676275 0.487288
247 0.706208 0.457627 0.738359 0.481992
120 0.817073 0.449682 0.886918 0.472458
83 0.281596 0.48464 0.365854 0.510593
134 0.460089 0.518538 0.543237 0.542373
120 0.605322 0.51589 0.68071 0.544492
213 0.735033 0.507415 0.813747 0.536017
238 0.859202 0.489936 0.924612 0.513771
9 0.307095 0.529661 0.390244 0.554025
248 0.207317 0.538665 0.237251 0.5625
128 0.118625 0.541843 0.161863 0.564619
138 0.276053 0.572564 0.356984 0.595339
149 0.502217 0.56197 0.631929 0.590042
126 0.279379 0.615996 0.370288 0.641949
166 0.457871 0.608581 0.549889 0.633475
134 0.657428 0.597458 0.751663 0.623941
120 0.827051 0.592161 0.900222 0.616525
209 0.801552 0.54714 0.929047 0.576271
236 0.126386 0.629237 0.190687 0.65572
227 0.096452 0.68803 0.128603 0.715042
6 0.190687 0.681144 0.272727 0.708686
180 0.342572 0.670551 0.427938 0.701271
97 0.577605 0.658898 0.67184 0.6875
34 0.808204 0.645657 0.89357 0.67161
227 0.097561 0.739407 0.133038 0.764831
181 0.28714 0.722458 0.450111 0.752119
125 0.568736 0.70339 0.689579 0.728814
188 0.798226 0.689089 0.922395 0.716102
227 0.099778 0.783369 0.13082 0.806144
61 0.213969 0.773305 0.305987 0.800847
121 0.808204 0.738347 0.913525 0.778602
119 0.490022 0.762182 0.629712 0.794492
6 0.134146 0.824153 0.195122 0.849576
36 0.296009 0.811441 0.388027 0.835805
176 0.453437 0.802966 0.534368 0.829449
227 0.778271 0.789195 0.798226 0.813559
227 0.800443 0.790254 0.820399 0.8125
227 0.847007 0.786547 0.886918 0.815678
165 0.140798 0.862818 0.206208 0.89089
247 0.260532 0.858051 0.310421 0.882415
221 0.411308 0.845339 0.514412 0.872881
80 0.600887 0.842161 0.700665 0.873941
181 0.749446 0.832097 0.83592 0.865466
252 0.870288 0.829449 0.91796 0.85911
237 0.119734 0.909958 0.168514 0.936441
153 0.226164 0.900953 0.292683 0.932203
134 0.388027 0.893008 0.485588 0.920551
120 0.873614 0.885064 0.926829 0.908898
35 0.777162 0.882415 0.842572 0.908898
157 0.652993 0.889831 0.718404 0.909958
169 0.523282 0.896186 0.574279 0.922669
