1 0.44181 0.309524 0.616379 0.372294
71 0.713362 0.312771 0.824713 0.383117
1 0.275862 0.435065 0.316092 0.497835
71 0.383621 0.440476 0.461207 0.517316
859 0.491379 0.44697 0.534483 0.517316
120 0.60273 0.430736 0.678161 0.502165
753 0.765086 0.438312 0.872126 0.508658
599 0.171695 0.4329 0.244253 0.510823
1 0.257902 0.561688 0.295977 0.625541
71 0.359195 0.5671 0.436782 0.638528
748 0.457615 0.57684 0.494253 0.65368
748 0.612069 0.577922 0.649425 0.664502
589 0.520833 0.564935 0.571839 0.651515
552 0.822557 0.568182 0.882184 0.649351
839 0.83477 0.705628 0.886494 0.779221
839 0.828305 0.835498 0.883621 0.915584
266 0.518678 0.702381 0.70546 0.779221
644 0.696839 0.560606 0.775862 0.632035
631 0.54023 0.8171 0.603448 0.885281
1 0.44181 0.309524 0.616379 0.372294
71 0.713362 0.312771 0.824713 0.383117
1 0.275862 0.435065 0.316092 0.497835
71 0.383621 0.440476 0.461207 0.517316
859 0.491379 0.44697 0.534483 0.517316
120 0.60273 0.430736 0.678161 0.502165
753 0.765086 0.438312 0.872126 0.508658
599 0.171695 0.4329 0.244253 0.510823
1 0.257902 0.561688 0.295977 0.625541
71 0.359195 0.5671 0.436782 0.638528
748 0.457615 0.57684 0.494253 0.65368
748 0.612069 0.577922 0.649425 0.664502
589 0.520833 0.564935 0.571839 0.651515
552 0.822557 0.568182 0.882184 0.649351
839 0.83477 0.705628 0.886494 0.779221
839 0.828305 0.835498 0.883621 0.915584
266 0.518678 0.702381 0.70546 0.779221
644 0.696839 0.560606 0.775862 0.632035
631 0.54023 0.8171 0.603448 0.885281
