495 0.279605 0.589286 0.370066 0.676339
567 0.296875 0.732143 0.386513 0.816964
110 0.528783 0.715402 0.615132 0.810268
252 0.409539 0.72433 0.452303 0.816964
599 0.682566 0.702009 0.768092 0.787946
112 0.351974 0.381696 0.462171 0.475446
252 0.493421 0.382812 0.532895 0.46875
110 0.602796 0.379464 0.685855 0.46875
599 0.740132 0.381696 0.817434 0.466518
358 0.865954 0.366071 0.929276 0.444196
469 0.702303 0.559152 0.779605 0.645089
736 0.377467 0.247768 0.465461 0.3125
501 0.529605 0.239955 0.605263 0.308036
754 0.652138 0.243304 0.710526 0.308036
869 0.762336 0.237723 0.815789 0.299107
258 0.410362 0.572545 0.46875 0.667411
111 0.546053 0.572545 0.638158 0.642857
495 0.279605 0.589286 0.370066 0.676339
567 0.296875 0.732143 0.386513 0.816964
110 0.528783 0.715402 0.615132 0.810268
252 0.409539 0.72433 0.452303 0.816964
599 0.682566 0.702009 0.768092 0.787946
112 0.351974 0.381696 0.462171 0.475446
252 0.493421 0.382812 0.532895 0.46875
110 0.602796 0.379464 0.685855 0.46875
599 0.740132 0.381696 0.817434 0.466518
358 0.865954 0.366071 0.929276 0.444196
469 0.702303 0.559152 0.779605 0.645089
736 0.377467 0.247768 0.465461 0.3125
501 0.529605 0.239955 0.605263 0.308036
754 0.652138 0.243304 0.710526 0.308036
869 0.762336 0.237723 0.815789 0.299107
258 0.410362 0.572545 0.46875 0.667411
111 0.546053 0.572545 0.638158 0.642857
