514 0.62844 0.186509 0.656473 0.197913
514 0.627166 0.207383 0.653925 0.216467
10 0.305046 0.204484 0.320591 0.214534
754 0.615698 0.153266 0.633537 0.166602
501 0.58053 0.15114 0.599898 0.163896
736 0.546891 0.151334 0.56422 0.16235
839 0.527778 0.152687 0.539246 0.163123
839 0.667941 0.165636 0.682977 0.176652
754 0.850663 0.160417 0.881753 0.170468
839 0.733945 0.182451 0.748216 0.194047
736 0.778542 0.180905 0.811927 0.190182
570 0.342253 0.203131 0.366463 0.213761
552 0.574414 0.191148 0.602446 0.204484
693 0.528287 0.195014 0.549949 0.206803
839 0.7342 0.203518 0.749745 0.215307
754 0.889908 0.19656 0.920999 0.206803
839 0.677625 0.227484 0.690112 0.238114
112 0.703619 0.223232 0.720183 0.234248
514 0.737513 0.222458 0.7579 0.233475
736 0.83945 0.219366 0.859327 0.230383
839 0.809633 0.221879 0.82263 0.233862
501 0.877676 0.217627 0.897044 0.229223
754 0.910296 0.217433 0.925076 0.229996
839 0.73369 0.245651 0.747706 0.256668
736 0.778797 0.243525 0.812946 0.253189
501 0.836391 0.241013 0.861876 0.252802
754 0.892712 0.238887 0.924057 0.249324
839 0.735729 0.266138 0.749745 0.276382
736 0.778797 0.262273 0.810907 0.273676
501 0.836901 0.261113 0.863914 0.27097
754 0.890673 0.25976 0.91896 0.269811
736 0.519623 0.213761 0.544343 0.223811
252 0.571865 0.210669 0.601937 0.219946
258 0.474771 0.21608 0.49949 0.226517
839 0.734455 0.284886 0.748216 0.294936
736 0.777268 0.283147 0.810398 0.29339
501 0.836137 0.279668 0.864934 0.291071
754 0.892202 0.277735 0.922528 0.287978
839 0.736239 0.305953 0.750765 0.316196
736 0.778033 0.30286 0.808869 0.313104
501 0.837156 0.299961 0.866463 0.310398
754 0.892202 0.297642 0.922018 0.308465
869 0.931957 0.295129 0.943425 0.305373
839 0.58894 0.337457 0.601937 0.348666
112 0.624108 0.333011 0.647808 0.342095
514 0.673547 0.330692 0.699796 0.342095
89 0.558614 0.33649 0.577472 0.347507
839 0.770133 0.326053 0.785933 0.337843
90 0.726045 0.327986 0.754842 0.340162
736 0.80632 0.323734 0.833333 0.336683
501 0.85474 0.321028 0.878186 0.332045
754 0.900866 0.320835 0.924057 0.332818
495 0.415138 0.365481 0.437819 0.376111
748 0.454128 0.364322 0.469929 0.375725
661 0.471713 0.361036 0.487258 0.372246
640 0.506881 0.358717 0.528542 0.369927
711 0.541794 0.357944 0.560143 0.367994
748 0.572375 0.35949 0.582569 0.371086
221 0.599898 0.356591 0.620285 0.366061
552 0.637105 0.354078 0.655454 0.367607
10 0.674057 0.354465 0.692151 0.366061
514 0.712029 0.351372 0.735474 0.363355
90 0.75841 0.350019 0.782365 0.363355
839 0.793833 0.34944 0.80683 0.362582
736 0.822885 0.345381 0.845566 0.354851
501 0.86315 0.344608 0.883792 0.355624
90 0.692151 0.288365 0.721203 0.298802
164 0.380734 0.390027 0.397044 0.40201
514 0.477574 0.383842 0.495923 0.393893
839 0.54103 0.381716 0.551988 0.392733
736 0.566004 0.380363 0.583078 0.390414
501 0.600917 0.37959 0.618247 0.391187
754 0.630734 0.379397 0.642712 0.390414
869 0.650866 0.376111 0.66106 0.387321
748 0.664373 0.377658 0.671764 0.388867
498 0.684251 0.376884 0.699286 0.388094
350 0.408002 0.386741 0.420999 0.400077
259 0.713303 0.375338 0.729867 0.386162
839 0.764526 0.375725 0.77472 0.386548
839 0.78211 0.374758 0.793068 0.385388
561 0.741335 0.373405 0.755861 0.386935
514 0.806575 0.371473 0.82212 0.384615
839 0.854485 0.371279 0.863914 0.383456
736 0.872069 0.366448 0.88736 0.376498
754 0.424567 0.409548 0.442406 0.419405
501 0.383282 0.410514 0.404179 0.420564
869 0.461009 0.405102 0.478084 0.413993
748 0.491845 0.405296 0.505607 0.415926
859 0.519368 0.404523 0.533129 0.415539
580 0.556065 0.40085 0.58053 0.411674
812 0.604485 0.399497 0.62895 0.409741
514 0.66208 0.396019 0.69419 0.406262
839 0.765036 0.396019 0.778797 0.407422
736 0.80581 0.393893 0.835372 0.404716
501 0.858308 0.39196 0.882773 0.402783
1 0.534149 0.421917 0.549949 0.430615
851 0.414628 0.429455 0.427115 0.439505
309 0.446993 0.42385 0.46738 0.434867
142 0.491845 0.426169 0.518858 0.437186
469 0.381244 0.432547 0.400612 0.44453
71 0.575178 0.419985 0.601427 0.429842
579 0.609327 0.417665 0.625892 0.429068
127 0.695719 0.414186 0.723751 0.424816
1 0.761468 0.41148 0.798675 0.417085
578 0.809888 0.408968 0.824669 0.420178
856 0.843272 0.410128 0.861366 0.420178
839 0.536188 0.445497 0.547401 0.457286
736 0.558104 0.443371 0.573394 0.454194
501 0.587156 0.442598 0.603466 0.454581
754 0.612895 0.440665 0.626402 0.451875
869 0.631498 0.437959 0.641182 0.448396
748 0.643986 0.437959 0.651376 0.448782
839 0.741335 0.453807 0.756371 0.466177
90 0.68578 0.183031 0.718145 0.195207
90 0.684251 0.204871 0.717125 0.216467
869 0.93476 0.1753 0.946483 0.187089
90 0.775994 0.223038 0.798165 0.235021
90 0.689348 0.247391 0.720183 0.25976
90 0.689602 0.266911 0.720183 0.277928
90 0.69419 0.308079 0.724771 0.319289
164 0.662844 0.437186 0.67788 0.447623
90 0.722987 0.393506 0.752294 0.404716
812 0.691641 0.433514 0.708461 0.443757
14 0.727064 0.431968 0.748216 0.444917
578 0.755097 0.429455 0.770133 0.441438
514 0.785678 0.430228 0.805301 0.442211
10 0.450815 0.448203 0.464832 0.45806
514 0.480377 0.448009 0.498981 0.458833
839 0.437054 0.471395 0.45158 0.481639
661 0.413354 0.469656 0.423038 0.477387
748 0.460245 0.471009 0.4684 0.482799
223 0.489806 0.468883 0.511723 0.480093
14 0.53262 0.46637 0.557085 0.478547
839 0.567788 0.465211 0.582569 0.477773
839 0.599643 0.464438 0.618247 0.476614
514 0.648573 0.45748 0.67686 0.469269
90 0.70209 0.454001 0.729867 0.46811
736 0.779052 0.452455 0.809378 0.464244
754 0.889653 0.450135 0.91947 0.461152
1 0.173802 0.483572 0.187564 0.492849
71 0.206677 0.481832 0.227319 0.492076
112 0.319572 0.475454 0.336901 0.485504
812 0.350663 0.473908 0.367482 0.483958
14 0.148318 0.503672 0.168705 0.514496
839 0.256881 0.501933 0.268603 0.512949
736 0.280326 0.500387 0.296126 0.51179
839 0.540265 0.488597 0.551478 0.499034
736 0.559888 0.48821 0.574924 0.49942
501 0.589704 0.487824 0.606524 0.499807
754 0.613914 0.487051 0.625382 0.500193
869 0.633792 0.483572 0.646279 0.495168
748 0.650102 0.483958 0.657492 0.496328
10 0.667941 0.483378 0.680938 0.496714
15 0.700561 0.47932 0.721713 0.492462
112 0.735729 0.477 0.753313 0.489756
839 0.13634 0.528025 0.146789 0.538462
599 0.16208 0.525319 0.180938 0.537302
1 0.196993 0.524932 0.212538 0.534596
255 0.45897 0.513336 0.477574 0.522613
266 0.511213 0.512756 0.541794 0.523
748 0.546891 0.513529 0.556575 0.526092
736 0.610856 0.509857 0.633028 0.521067
252 0.656218 0.506378 0.680428 0.517201
514 0.707187 0.502513 0.732926 0.514109
90 0.752803 0.502319 0.77472 0.516042
180 0.574159 0.512949 0.59684 0.525705
737 0.936799 0.515848 0.954638 0.527638
10 0.095056 0.549478 0.110092 0.558949
711 0.192406 0.546193 0.204893 0.557016
839 0.215341 0.547739 0.228338 0.559335
736 0.236493 0.546772 0.253313 0.556629
501 0.267839 0.545806 0.284913 0.556243
754 0.295617 0.544646 0.30683 0.55431
869 0.31422 0.542714 0.32314 0.552377
748 0.332569 0.543873 0.340469 0.55431
24 0.391437 0.540588 0.413354 0.550445
839 0.42737 0.540201 0.437819 0.550445
839 0.450815 0.539235 0.464322 0.550058
748 0.474006 0.538075 0.481142 0.548512
10 0.497706 0.536336 0.5158 0.546966
859 0.52472 0.537495 0.535168 0.550058
120 0.544852 0.536722 0.558614 0.547739
99 0.570336 0.536722 0.586646 0.549285
110 0.593782 0.532857 0.607034 0.548125
839 0.617482 0.53363 0.630479 0.546193
839 0.640418 0.532277 0.653415 0.545419
736 0.663354 0.529378 0.679409 0.541167
501 0.69419 0.529378 0.711009 0.541554
754 0.720183 0.528025 0.731906 0.540008
869 0.741335 0.526092 0.752803 0.535369
112 0.768094 0.524353 0.783384 0.535369
839 0.587666 0.31523 0.599898 0.325474
839 0.558869 0.315617 0.573394 0.325474
839 0.153925 0.357944 0.163609 0.367221
599 0.182722 0.358717 0.201835 0.369153
261 0.440877 0.384809 0.462793 0.394666
736 0.420744 0.450908 0.440367 0.459992
90 0.510449 0.446656 0.525994 0.457673
112 0.818298 0.428682 0.833333 0.439119
90 0.511723 0.383262 0.529562 0.395439
579 0.240061 0.47932 0.255352 0.488983
514 0.200306 0.503479 0.218654 0.514496
578 0.170744 0.504252 0.182467 0.513336
501 0.311672 0.498067 0.330275 0.507151
869 0.354485 0.497101 0.363405 0.507151
754 0.338175 0.498454 0.349134 0.509857
514 0.489042 0.489563 0.507136 0.499034
90 0.515545 0.488983 0.530581 0.500193
839 0.163354 0.568032 0.17737 0.577116
599 0.193935 0.566293 0.215087 0.579049
469 0.269113 0.56494 0.286952 0.57557
541 0.316259 0.563201 0.347604 0.573251
754 0.376147 0.562814 0.406218 0.573637
490 0.439602 0.559528 0.471458 0.569772
541 0.504587 0.556629 0.538226 0.567453
1 0.573394 0.552377 0.604995 0.560108
71 0.629715 0.55315 0.655454 0.56436
252 0.679154 0.550831 0.702854 0.561654
142 0.724516 0.550251 0.748726 0.560881
111 0.175586 0.586973 0.202854 0.597603
514 0.231651 0.584847 0.25841 0.595671
90 0.285168 0.584267 0.313456 0.595671
839 0.328491 0.583301 0.343017 0.594124
736 0.359327 0.580789 0.382773 0.591419
501 0.406473 0.579629 0.432722 0.591419
754 0.447248 0.579822 0.464832 0.591032
869 0.477829 0.57731 0.491335 0.587553
748 0.497197 0.578469 0.506116 0.588326
736 0.560398 0.573444 0.585627 0.583688
180 0.519878 0.577696 0.538226 0.588713
514 0.664373 0.572091 0.691131 0.582915
180 0.61315 0.57557 0.638634 0.585234
661 0.589959 0.568806 0.599898 0.573637
90 0.721967 0.571125 0.755861 0.581368
839 0.770897 0.570352 0.782875 0.582141
869 0.93578 0.563974 0.953619 0.574797
661 0.158257 0.605141 0.168705 0.611906
861 0.180938 0.607267 0.199286 0.617704
514 0.229867 0.604368 0.25739 0.614998
18 0.283894 0.604561 0.313965 0.615771
839 0.329001 0.602822 0.342508 0.613065
736 0.360856 0.602822 0.382773 0.613838
501 0.405454 0.600889 0.429664 0.611519
754 0.449286 0.599729 0.466361 0.611906
869 0.476045 0.596637 0.488277 0.606881
748 0.503823 0.596637 0.515291 0.606107
661 0.520133 0.594124 0.529052 0.601469
737 0.591998 0.595477 0.616208 0.606881
357 0.550459 0.595284 0.571865 0.605721
640 0.62946 0.593931 0.651886 0.604948
711 0.668705 0.591225 0.689093 0.601469
514 0.709225 0.592192 0.731397 0.603788
90 0.751274 0.591805 0.775739 0.603788
839 0.786952 0.590839 0.798675 0.602242
754 0.905708 0.586394 0.925586 0.597603
869 0.935015 0.585427 0.95158 0.59683
92 0.16896 0.626595 0.203874 0.637418
127 0.115953 0.628334 0.138124 0.638964
514 0.22528 0.625628 0.249235 0.637418
112 0.261723 0.625628 0.278287 0.635872
469 0.290265 0.625435 0.304791 0.635872
541 0.322375 0.624275 0.345056 0.634712
839 0.354485 0.623889 0.363914 0.635099
736 0.379715 0.623116 0.397554 0.633939
501 0.417176 0.622536 0.437819 0.633552
754 0.453364 0.620216 0.468909 0.629687
869 0.479103 0.617124 0.490826 0.626981
748 0.501274 0.616738 0.510194 0.627368
24 0.53262 0.616738 0.558104 0.626595
120 0.571101 0.615578 0.586646 0.625821
10 0.607288 0.617317 0.630989 0.628527
514 0.653415 0.611712 0.674822 0.621183
112 0.686544 0.611326 0.700815 0.622729
469 0.712538 0.614805 0.727319 0.625821
541 0.747961 0.614418 0.772171 0.626595
839 0.783894 0.612486 0.795107 0.624662
736 0.811927 0.611326 0.833333 0.621569
501 0.858818 0.611519 0.885321 0.622729
754 0.904434 0.6092 0.926096 0.620796
869 0.935525 0.607847 0.950561 0.61925
839 0.138379 0.648048 0.149337 0.659451
599 0.160296 0.646888 0.17686 0.659065
1 0.185525 0.647468 0.196228 0.654813
71 0.214577 0.648048 0.236493 0.658678
275 0.263507 0.646115 0.294597 0.657132
10 0.313965 0.645149 0.335882 0.655972
110 0.356524 0.645342 0.379205 0.657518
110 0.39577 0.642056 0.415902 0.654039
839 0.428389 0.641863 0.443425 0.653266
748 0.454638 0.641283 0.466361 0.653653
561 0.487768 0.637998 0.512742 0.648628
736 0.538226 0.636065 0.56371 0.646695
252 0.595056 0.634712 0.626402 0.644762
514 0.658512 0.633166 0.688583 0.643216
90 0.716616 0.632779 0.747706 0.64283
839 0.782875 0.632393 0.794088 0.643216
736 0.811927 0.631813 0.834353 0.64283
501 0.859072 0.631233 0.885831 0.641283
754 0.903925 0.629494 0.925076 0.641283
869 0.93527 0.628527 0.948012 0.640124
353 0.109327 0.647082 0.12946 0.657518
748 0.076707 0.667375 0.088175 0.678779
172 0.105759 0.668728 0.125892 0.678779
172 0.144241 0.668535 0.166157 0.679165
839 0.176606 0.668922 0.191131 0.678779
839 0.203874 0.668922 0.218145 0.679938
514 0.241081 0.665443 0.263507 0.674913
90 0.285678 0.666216 0.309888 0.678392
839 0.323394 0.666216 0.336391 0.679165
736 0.351682 0.666216 0.372579 0.677619
501 0.391182 0.663896 0.414373 0.674526
754 0.431957 0.663317 0.450051 0.67414
869 0.462283 0.660417 0.477064 0.670661
748 0.485474 0.659838 0.495923 0.671434
20 0.515545 0.659258 0.539755 0.669501
223 0.558869 0.658291 0.58002 0.667955
839 0.596585 0.656165 0.610601 0.666409
839 0.628695 0.655779 0.643221 0.666409
514 0.683741 0.653266 0.711009 0.66293
839 0.783894 0.65346 0.795617 0.664863
736 0.813201 0.65288 0.835882 0.664476
736 0.859327 0.651913 0.885831 0.663703
754 0.904944 0.651334 0.926606 0.66293
869 0.936035 0.649594 0.95107 0.660997
748 0.077217 0.688249 0.087666 0.697333
753 0.099898 0.688249 0.11264 0.698492
353 0.158257 0.689215 0.180428 0.700425
839 0.189093 0.689602 0.201325 0.701585
599 0.215851 0.686316 0.233945 0.699266
1 0.238787 0.687283 0.247197 0.695014
71 0.266565 0.687089 0.288991 0.697719
748 0.298675 0.687476 0.30683 0.697719
164 0.326198 0.685736 0.347095 0.696946
136 0.372834 0.68477 0.401631 0.695787
358 0.422018 0.683997 0.443425 0.693854
748 0.458716 0.683417 0.470948 0.69424
514 0.681957 0.675493 0.711009 0.687283
839 0.781346 0.677619 0.795617 0.689602
736 0.81524 0.676652 0.83945 0.688056
501 0.86213 0.675493 0.885831 0.686896
754 0.906473 0.674913 0.928135 0.687283
869 0.93629 0.673367 0.95158 0.68535
631 0.478338 0.681291 0.488277 0.690375
491 0.50739 0.681291 0.531091 0.692308
641 0.553262 0.680518 0.576962 0.691921
661 0.581804 0.675686 0.592253 0.682644
861 0.606014 0.678585 0.621814 0.689602
10 0.100663 0.708156 0.118756 0.71666
748 0.078491 0.708543 0.088175 0.71898
514 0.191896 0.70777 0.216616 0.716274
79 0.143221 0.708929 0.169215 0.718593
631 0.226809 0.707963 0.240571 0.719366
275 0.269113 0.706417 0.299694 0.717047
514 0.323904 0.706803 0.347604 0.71782
90 0.367992 0.707383 0.391437 0.718593
839 0.407238 0.704871 0.420489 0.71666
736 0.433486 0.704291 0.450561 0.715887
501 0.469419 0.704677 0.491845 0.715887
754 0.505352 0.703518 0.521407 0.713954
869 0.5316 0.703711 0.544343 0.713568
748 0.550714 0.703131 0.559123 0.713181
89 0.577727 0.703324 0.598369 0.714341
737 0.609327 0.701971 0.627421 0.712408
580 0.643221 0.699072 0.662589 0.709316
514 0.688073 0.699072 0.715087 0.710475
90 0.739551 0.699652 0.765545 0.710089
839 0.78262 0.699266 0.796636 0.710475
736 0.813965 0.699652 0.83894 0.710862
501 0.860347 0.697719 0.885321 0.708929
754 0.904179 0.696946 0.924057 0.708929
869 0.938328 0.69482 0.953619 0.706223
748 0.136595 0.72903 0.144241 0.738693
661 0.146789 0.727097 0.153925 0.734055
861 0.16055 0.727677 0.171254 0.735988
514 0.185525 0.728257 0.202345 0.738693
90 0.212793 0.728836 0.227829 0.74024
839 0.236493 0.729996 0.244648 0.74024
736 0.254332 0.72787 0.268603 0.73792
869 0.318043 0.728063 0.330785 0.737534
748 0.333078 0.72787 0.33792 0.736761
248 0.351682 0.728836 0.366463 0.73792
10 0.375892 0.726904 0.388379 0.736761
641 0.401886 0.726324 0.41896 0.737147
535 0.436799 0.724391 0.456167 0.733668
661 0.460499 0.722458 0.46789 0.730963
514 0.510449 0.723811 0.524975 0.731736
90 0.534404 0.724778 0.546891 0.734828
839 0.556065 0.725358 0.566259 0.734441
736 0.577982 0.723618 0.593782 0.733282
501 0.607543 0.723618 0.624363 0.733668
754 0.635066 0.723425 0.649847 0.732509
869 0.654434 0.721879 0.663099 0.731736
98 0.714067 0.721879 0.728338 0.731736
118 0.744393 0.721879 0.762997 0.733282
514 0.77421 0.721492 0.787971 0.732122
90 0.800714 0.720719 0.817533 0.731349
839 0.826198 0.721492 0.836901 0.731349
736 0.846075 0.720912 0.861876 0.731736
501 0.87895 0.720719 0.897554 0.731736
754 0.912589 0.721106 0.930173 0.732895
869 0.936799 0.718206 0.950561 0.72903
599 0.192151 0.747391 0.20999 0.758407
1 0.219674 0.749324 0.230887 0.757248
71 0.247197 0.748937 0.266055 0.759567
839 0.346075 0.748744 0.358308 0.759954
631 0.365953 0.747971 0.377676 0.759567
110 0.39577 0.747971 0.417431 0.760727
748 0.42686 0.746038 0.438328 0.757634
711 0.454383 0.743139 0.471458 0.752609
640 0.494648 0.743912 0.519878 0.755702
711 0.539755 0.743139 0.557594 0.752609
514 0.591743 0.743139 0.623853 0.753769
90 0.654689 0.742945 0.688073 0.753769
839 0.775484 0.741206 0.787971 0.752223
736 0.80683 0.741593 0.831295 0.751836
501 0.85525 0.74024 0.879715 0.750676
754 0.900102 0.73966 0.922018 0.74913
869 0.938073 0.737147 0.952599 0.748744
839 0.220438 0.768651 0.231397 0.776962
736 0.240316 0.768264 0.254842 0.778894
754 0.294852 0.770197 0.303772 0.780441
869 0.310907 0.771164 0.320591 0.7816
748 0.325433 0.77155 0.332824 0.78276
839 0.338685 0.770197 0.348624 0.7816
856 0.361621 0.769231 0.374108 0.779668
839 0.383792 0.768651 0.393986 0.779281
514 0.408767 0.768458 0.424567 0.778508
90 0.439857 0.767105 0.459225 0.776962
839 0.46738 0.767105 0.477574 0.777735
736 0.489806 0.766718 0.505097 0.776575
501 0.523445 0.767105 0.541794 0.777735
754 0.554281 0.766332 0.568298 0.776962
869 0.577982 0.767298 0.590214 0.777348
748 0.59684 0.767298 0.604995 0.779281
839 0.614934 0.766718 0.625382 0.777735
839 0.634811 0.766911 0.64526 0.777735
223 0.663354 0.765752 0.682467 0.776962
580 0.694699 0.764012 0.712029 0.776189
514 0.727574 0.764399 0.746177 0.775416
90 0.76631 0.763626 0.788481 0.775416
839 0.799185 0.763433 0.810907 0.775416
736 0.827982 0.763239 0.849134 0.774256
501 0.868247 0.762273 0.890418 0.773096
754 0.906218 0.76034 0.925586 0.770777
869 0.938073 0.76092 0.953109 0.77271
644 0.245413 0.789911 0.268094 0.798995
90 0.333588 0.790684 0.358308 0.801701
839 0.368502 0.789525 0.378186 0.798222
501 0.437309 0.788558 0.459225 0.797062
754 0.47528 0.790104 0.491335 0.800541
869 0.5 0.789331 0.511213 0.800541
748 0.518858 0.790491 0.525484 0.802474
20 0.546381 0.789525 0.566769 0.800541
223 0.582824 0.788945 0.600917 0.800155
839 0.610856 0.788365 0.621814 0.800928
839 0.63787 0.789331 0.652396 0.801701
514 0.682467 0.787399 0.70948 0.798608
90 0.738532 0.786819 0.769623 0.798995
839 0.781346 0.785852 0.795107 0.798222
736 0.820082 0.784113 0.846585 0.795903
501 0.865443 0.784306 0.88736 0.797062
754 0.905708 0.78218 0.927625 0.795129
869 0.936544 0.78218 0.952599 0.794356
566 0.257645 0.810398 0.283384 0.821028
748 0.289246 0.811558 0.299185 0.822961
753 0.42686 0.811171 0.457696 0.821028
172 0.320082 0.810591 0.341488 0.822188
748 0.471713 0.810785 0.48369 0.822574
640 0.549949 0.809432 0.570336 0.819869
711 0.590214 0.807886 0.61213 0.817549
750 0.507645 0.810785 0.529562 0.821801
514 0.678644 0.806726 0.707441 0.817549
90 0.73369 0.808465 0.764016 0.820255
736 0.817023 0.807306 0.840979 0.818322
839 0.778033 0.807886 0.79103 0.819095
501 0.861621 0.806726 0.885831 0.818709
90 0.311162 0.830885 0.337411 0.841515
839 0.360347 0.831272 0.372579 0.840742
736 0.390673 0.831078 0.411825 0.841129
501 0.433996 0.831658 0.457187 0.842675
754 0.472732 0.831852 0.486748 0.843448
869 0.503313 0.830112 0.519878 0.840742
92 0.559123 0.827406 0.595311 0.836877
1 0.630224 0.827406 0.66208 0.834557
578 0.679154 0.827986 0.696228 0.838809
120 0.738532 0.829146 0.780326 0.839583
71 0.816769 0.830692 0.840979 0.841902
496 0.864934 0.830112 0.889908 0.840742
566 0.387105 0.852339 0.397044 0.864322
15 0.456932 0.855624 0.480122 0.867027
24 0.495413 0.854078 0.517329 0.865095
839 0.527523 0.852725 0.540265 0.864322
839 0.549439 0.852725 0.561672 0.865481
748 0.568043 0.850986 0.576453 0.863162
578 0.587156 0.847893 0.598879 0.859683
685 0.618502 0.850213 0.641692 0.862775
112 0.658257 0.84944 0.678389 0.860456
514 0.699032 0.850406 0.723242 0.859683
90 0.743119 0.853692 0.765545 0.866641
839 0.780581 0.851952 0.794597 0.863935
736 0.809888 0.851952 0.831804 0.863162
501 0.851937 0.852532 0.874618 0.863935
839 0.291794 0.875338 0.302752 0.885968
514 0.21738 0.871086 0.238532 0.882103
90 0.257136 0.874565 0.278797 0.885195
736 0.319827 0.874758 0.339959 0.885582
501 0.359837 0.874758 0.381244 0.886355
754 0.400102 0.875725 0.415902 0.885968
869 0.429154 0.876305 0.445464 0.886741
748 0.462283 0.876884 0.473496 0.887901
552 0.49159 0.877078 0.510703 0.886741
142 0.530581 0.877464 0.556065 0.888288
560 0.580785 0.876111 0.608053 0.889834
736 0.62844 0.875145 0.659531 0.887128
514 0.69368 0.876305 0.719674 0.887901
18 0.743119 0.876498 0.769623 0.887901
839 0.780071 0.876691 0.794088 0.889447
736 0.808869 0.877271 0.830785 0.888674
469 0.259684 0.894859 0.278797 0.906069
541 0.304281 0.894279 0.333843 0.905296
490 0.359837 0.895245 0.38787 0.906069
541 0.41896 0.896019 0.45158 0.908002
748 0.487003 0.897758 0.494903 0.909161
164 0.512742 0.896985 0.538736 0.907228
495 0.584608 0.897178 0.617737 0.908775
1 0.688838 0.896212 0.719164 0.904136
71 0.750765 0.898918 0.779817 0.909548
839 0.803262 0.898145 0.821611 0.909934
514 0.62844 0.186509 0.656473 0.197913
514 0.627166 0.207383 0.653925 0.216467
10 0.305046 0.204484 0.320591 0.214534
754 0.615698 0.153266 0.633537 0.166602
501 0.58053 0.15114 0.599898 0.163896
736 0.546891 0.151334 0.56422 0.16235
839 0.527778 0.152687 0.539246 0.163123
839 0.667941 0.165636 0.682977 0.176652
754 0.850663 0.160417 0.881753 0.170468
839 0.733945 0.182451 0.748216 0.194047
736 0.778542 0.180905 0.811927 0.190182
570 0.342253 0.203131 0.366463 0.213761
552 0.574414 0.191148 0.602446 0.204484
693 0.528287 0.195014 0.549949 0.206803
839 0.7342 0.203518 0.749745 0.215307
754 0.889908 0.19656 0.920999 0.206803
839 0.677625 0.227484 0.690112 0.238114
112 0.703619 0.223232 0.720183 0.234248
514 0.737513 0.222458 0.7579 0.233475
736 0.83945 0.219366 0.859327 0.230383
839 0.809633 0.221879 0.82263 0.233862
501 0.877676 0.217627 0.897044 0.229223
754 0.910296 0.217433 0.925076 0.229996
839 0.73369 0.245651 0.747706 0.256668
736 0.778797 0.243525 0.812946 0.253189
501 0.836391 0.241013 0.861876 0.252802
754 0.892712 0.238887 0.924057 0.249324
839 0.735729 0.266138 0.749745 0.276382
736 0.778797 0.262273 0.810907 0.273676
501 0.836901 0.261113 0.863914 0.27097
754 0.890673 0.25976 0.91896 0.269811
736 0.519623 0.213761 0.544343 0.223811
252 0.571865 0.210669 0.601937 0.219946
258 0.474771 0.21608 0.49949 0.226517
839 0.734455 0.284886 0.748216 0.294936
736 0.777268 0.283147 0.810398 0.29339
501 0.836137 0.279668 0.864934 0.291071
754 0.892202 0.277735 0.922528 0.287978
839 0.736239 0.305953 0.750765 0.316196
736 0.778033 0.30286 0.808869 0.313104
501 0.837156 0.299961 0.866463 0.310398
754 0.892202 0.297642 0.922018 0.308465
869 0.931957 0.295129 0.943425 0.305373
839 0.58894 0.337457 0.601937 0.348666
112 0.624108 0.333011 0.647808 0.342095
514 0.673547 0.330692 0.699796 0.342095
89 0.558614 0.33649 0.577472 0.347507
839 0.770133 0.326053 0.785933 0.337843
90 0.726045 0.327986 0.754842 0.340162
736 0.80632 0.323734 0.833333 0.336683
501 0.85474 0.321028 0.878186 0.332045
754 0.900866 0.320835 0.924057 0.332818
495 0.415138 0.365481 0.437819 0.376111
748 0.454128 0.364322 0.469929 0.375725
661 0.471713 0.361036 0.487258 0.372246
640 0.506881 0.358717 0.528542 0.369927
711 0.541794 0.357944 0.560143 0.367994
748 0.572375 0.35949 0.582569 0.371086
221 0.599898 0.356591 0.620285 0.366061
552 0.637105 0.354078 0.655454 0.367607
10 0.674057 0.354465 0.692151 0.366061
514 0.712029 0.351372 0.735474 0.363355
90 0.75841 0.350019 0.782365 0.363355
839 0.793833 0.34944 0.80683 0.362582
736 0.822885 0.345381 0.845566 0.354851
501 0.86315 0.344608 0.883792 0.355624
90 0.692151 0.288365 0.721203 0.298802
164 0.380734 0.390027 0.397044 0.40201
514 0.477574 0.383842 0.495923 0.393893
839 0.54103 0.381716 0.551988 0.392733
736 0.566004 0.380363 0.583078 0.390414
501 0.600917 0.37959 0.618247 0.391187
754 0.630734 0.379397 0.642712 0.390414
869 0.650866 0.376111 0.66106 0.387321
748 0.664373 0.377658 0.671764 0.388867
498 0.684251 0.376884 0.699286 0.388094
350 0.408002 0.386741 0.420999 0.400077
259 0.713303 0.375338 0.729867 0.386162
839 0.764526 0.375725 0.77472 0.386548
839 0.78211 0.374758 0.793068 0.385388
561 0.741335 0.373405 0.755861 0.386935
514 0.806575 0.371473 0.82212 0.384615
839 0.854485 0.371279 0.863914 0.383456
736 0.872069 0.366448 0.88736 0.376498
754 0.424567 0.409548 0.442406 0.419405
501 0.383282 0.410514 0.404179 0.420564
869 0.461009 0.405102 0.478084 0.413993
748 0.491845 0.405296 0.505607 0.415926
859 0.519368 0.404523 0.533129 0.415539
580 0.556065 0.40085 0.58053 0.411674
812 0.604485 0.399497 0.62895 0.409741
514 0.66208 0.396019 0.69419 0.406262
839 0.765036 0.396019 0.778797 0.407422
736 0.80581 0.393893 0.835372 0.404716
501 0.858308 0.39196 0.882773 0.402783
1 0.534149 0.421917 0.549949 0.430615
851 0.414628 0.429455 0.427115 0.439505
309 0.446993 0.42385 0.46738 0.434867
142 0.491845 0.426169 0.518858 0.437186
469 0.381244 0.432547 0.400612 0.44453
71 0.575178 0.419985 0.601427 0.429842
579 0.609327 0.417665 0.625892 0.429068
127 0.695719 0.414186 0.723751 0.424816
1 0.761468 0.41148 0.798675 0.417085
578 0.809888 0.408968 0.824669 0.420178
856 0.843272 0.410128 0.861366 0.420178
839 0.536188 0.445497 0.547401 0.457286
736 0.558104 0.443371 0.573394 0.454194
501 0.587156 0.442598 0.603466 0.454581
754 0.612895 0.440665 0.626402 0.451875
869 0.631498 0.437959 0.641182 0.448396
748 0.643986 0.437959 0.651376 0.448782
839 0.741335 0.453807 0.756371 0.466177
90 0.68578 0.183031 0.718145 0.195207
90 0.684251 0.204871 0.717125 0.216467
869 0.93476 0.1753 0.946483 0.187089
90 0.775994 0.223038 0.798165 0.235021
90 0.689348 0.247391 0.720183 0.25976
90 0.689602 0.266911 0.720183 0.277928
90 0.69419 0.308079 0.724771 0.319289
164 0.662844 0.437186 0.67788 0.447623
90 0.722987 0.393506 0.752294 0.404716
812 0.691641 0.433514 0.708461 0.443757
14 0.727064 0.431968 0.748216 0.444917
578 0.755097 0.429455 0.770133 0.441438
514 0.785678 0.430228 0.805301 0.442211
10 0.450815 0.448203 0.464832 0.45806
514 0.480377 0.448009 0.498981 0.458833
839 0.437054 0.471395 0.45158 0.481639
661 0.413354 0.469656 0.423038 0.477387
748 0.460245 0.471009 0.4684 0.482799
223 0.489806 0.468883 0.511723 0.480093
14 0.53262 0.46637 0.557085 0.478547
839 0.567788 0.465211 0.582569 0.477773
839 0.599643 0.464438 0.618247 0.476614
514 0.648573 0.45748 0.67686 0.469269
90 0.70209 0.454001 0.729867 0.46811
736 0.779052 0.452455 0.809378 0.464244
754 0.889653 0.450135 0.91947 0.461152
1 0.173802 0.483572 0.187564 0.492849
71 0.206677 0.481832 0.227319 0.492076
112 0.319572 0.475454 0.336901 0.485504
812 0.350663 0.473908 0.367482 0.483958
14 0.148318 0.503672 0.168705 0.514496
839 0.256881 0.501933 0.268603 0.512949
736 0.280326 0.500387 0.296126 0.51179
839 0.540265 0.488597 0.551478 0.499034
736 0.559888 0.48821 0.574924 0.49942
501 0.589704 0.487824 0.606524 0.499807
754 0.613914 0.487051 0.625382 0.500193
869 0.633792 0.483572 0.646279 0.495168
748 0.650102 0.483958 0.657492 0.496328
10 0.667941 0.483378 0.680938 0.496714
15 0.700561 0.47932 0.721713 0.492462
112 0.735729 0.477 0.753313 0.489756
839 0.13634 0.528025 0.146789 0.538462
599 0.16208 0.525319 0.180938 0.537302
1 0.196993 0.524932 0.212538 0.534596
255 0.45897 0.513336 0.477574 0.522613
266 0.511213 0.512756 0.541794 0.523
748 0.546891 0.513529 0.556575 0.526092
736 0.610856 0.509857 0.633028 0.521067
252 0.656218 0.506378 0.680428 0.517201
514 0.707187 0.502513 0.732926 0.514109
90 0.752803 0.502319 0.77472 0.516042
180 0.574159 0.512949 0.59684 0.525705
737 0.936799 0.515848 0.954638 0.527638
10 0.095056 0.549478 0.110092 0.558949
711 0.192406 0.546193 0.204893 0.557016
839 0.215341 0.547739 0.228338 0.559335
736 0.236493 0.546772 0.253313 0.556629
501 0.267839 0.545806 0.284913 0.556243
754 0.295617 0.544646 0.30683 0.55431
869 0.31422 0.542714 0.32314 0.552377
748 0.332569 0.543873 0.340469 0.55431
24 0.391437 0.540588 0.413354 0.550445
839 0.42737 0.540201 0.437819 0.550445
839 0.450815 0.539235 0.464322 0.550058
748 0.474006 0.538075 0.481142 0.548512
10 0.497706 0.536336 0.5158 0.546966
859 0.52472 0.537495 0.535168 0.550058
120 0.544852 0.536722 0.558614 0.547739
99 0.570336 0.536722 0.586646 0.549285
110 0.593782 0.532857 0.607034 0.548125
839 0.617482 0.53363 0.630479 0.546193
839 0.640418 0.532277 0.653415 0.545419
736 0.663354 0.529378 0.679409 0.541167
501 0.69419 0.529378 0.711009 0.541554
754 0.720183 0.528025 0.731906 0.540008
869 0.741335 0.526092 0.752803 0.535369
112 0.768094 0.524353 0.783384 0.535369
839 0.587666 0.31523 0.599898 0.325474
839 0.558869 0.315617 0.573394 0.325474
839 0.153925 0.357944 0.163609 0.367221
599 0.182722 0.358717 0.201835 0.369153
261 0.440877 0.384809 0.462793 0.394666
736 0.420744 0.450908 0.440367 0.459992
90 0.510449 0.446656 0.525994 0.457673
112 0.818298 0.428682 0.833333 0.439119
90 0.511723 0.383262 0.529562 0.395439
579 0.240061 0.47932 0.255352 0.488983
514 0.200306 0.503479 0.218654 0.514496
578 0.170744 0.504252 0.182467 0.513336
501 0.311672 0.498067 0.330275 0.507151
869 0.354485 0.497101 0.363405 0.507151
754 0.338175 0.498454 0.349134 0.509857
514 0.489042 0.489563 0.507136 0.499034
90 0.515545 0.488983 0.530581 0.500193
839 0.163354 0.568032 0.17737 0.577116
599 0.193935 0.566293 0.215087 0.579049
469 0.269113 0.56494 0.286952 0.57557
541 0.316259 0.563201 0.347604 0.573251
754 0.376147 0.562814 0.406218 0.573637
490 0.439602 0.559528 0.471458 0.569772
541 0.504587 0.556629 0.538226 0.567453
1 0.573394 0.552377 0.604995 0.560108
71 0.629715 0.55315 0.655454 0.56436
252 0.679154 0.550831 0.702854 0.561654
142 0.724516 0.550251 0.748726 0.560881
111 0.175586 0.586973 0.202854 0.597603
514 0.231651 0.584847 0.25841 0.595671
90 0.285168 0.584267 0.313456 0.595671
839 0.328491 0.583301 0.343017 0.594124
736 0.359327 0.580789 0.382773 0.591419
501 0.406473 0.579629 0.432722 0.591419
754 0.447248 0.579822 0.464832 0.591032
869 0.477829 0.57731 0.491335 0.587553
748 0.497197 0.578469 0.506116 0.588326
736 0.560398 0.573444 0.585627 0.583688
180 0.519878 0.577696 0.538226 0.588713
514 0.664373 0.572091 0.691131 0.582915
180 0.61315 0.57557 0.638634 0.585234
661 0.589959 0.568806 0.599898 0.573637
90 0.721967 0.571125 0.755861 0.581368
839 0.770897 0.570352 0.782875 0.582141
869 0.93578 0.563974 0.953619 0.574797
661 0.158257 0.605141 0.168705 0.611906
861 0.180938 0.607267 0.199286 0.617704
514 0.229867 0.604368 0.25739 0.614998
18 0.283894 0.604561 0.313965 0.615771
839 0.329001 0.602822 0.342508 0.613065
736 0.360856 0.602822 0.382773 0.613838
501 0.405454 0.600889 0.429664 0.611519
754 0.449286 0.599729 0.466361 0.611906
869 0.476045 0.596637 0.488277 0.606881
748 0.503823 0.596637 0.515291 0.606107
661 0.520133 0.594124 0.529052 0.601469
737 0.591998 0.595477 0.616208 0.606881
357 0.550459 0.595284 0.571865 0.605721
640 0.62946 0.593931 0.651886 0.604948
711 0.668705 0.591225 0.689093 0.601469
514 0.709225 0.592192 0.731397 0.603788
90 0.751274 0.591805 0.775739 0.603788
839 0.786952 0.590839 0.798675 0.602242
754 0.905708 0.586394 0.925586 0.597603
869 0.935015 0.585427 0.95158 0.59683
92 0.16896 0.626595 0.203874 0.637418
127 0.115953 0.628334 0.138124 0.638964
514 0.22528 0.625628 0.249235 0.637418
112 0.261723 0.625628 0.278287 0.635872
469 0.290265 0.625435 0.304791 0.635872
541 0.322375 0.624275 0.345056 0.634712
839 0.354485 0.623889 0.363914 0.635099
736 0.379715 0.623116 0.397554 0.633939
501 0.417176 0.622536 0.437819 0.633552
754 0.453364 0.620216 0.468909 0.629687
869 0.479103 0.617124 0.490826 0.626981
748 0.501274 0.616738 0.510194 0.627368
24 0.53262 0.616738 0.558104 0.626595
120 0.571101 0.615578 0.586646 0.625821
10 0.607288 0.617317 0.630989 0.628527
514 0.653415 0.611712 0.674822 0.621183
112 0.686544 0.611326 0.700815 0.622729
469 0.712538 0.614805 0.727319 0.625821
541 0.747961 0.614418 0.772171 0.626595
839 0.783894 0.612486 0.795107 0.624662
736 0.811927 0.611326 0.833333 0.621569
501 0.858818 0.611519 0.885321 0.622729
754 0.904434 0.6092 0.926096 0.620796
869 0.935525 0.607847 0.950561 0.61925
839 0.138379 0.648048 0.149337 0.659451
599 0.160296 0.646888 0.17686 0.659065
1 0.185525 0.647468 0.196228 0.654813
71 0.214577 0.648048 0.236493 0.658678
275 0.263507 0.646115 0.294597 0.657132
10 0.313965 0.645149 0.335882 0.655972
110 0.356524 0.645342 0.379205 0.657518
110 0.39577 0.642056 0.415902 0.654039
839 0.428389 0.641863 0.443425 0.653266
748 0.454638 0.641283 0.466361 0.653653
561 0.487768 0.637998 0.512742 0.648628
736 0.538226 0.636065 0.56371 0.646695
252 0.595056 0.634712 0.626402 0.644762
514 0.658512 0.633166 0.688583 0.643216
90 0.716616 0.632779 0.747706 0.64283
839 0.782875 0.632393 0.794088 0.643216
736 0.811927 0.631813 0.834353 0.64283
501 0.859072 0.631233 0.885831 0.641283
754 0.903925 0.629494 0.925076 0.641283
869 0.93527 0.628527 0.948012 0.640124
353 0.109327 0.647082 0.12946 0.657518
748 0.076707 0.667375 0.088175 0.678779
172 0.105759 0.668728 0.125892 0.678779
172 0.144241 0.668535 0.166157 0.679165
839 0.176606 0.668922 0.191131 0.678779
839 0.203874 0.668922 0.218145 0.679938
514 0.241081 0.665443 0.263507 0.674913
90 0.285678 0.666216 0.309888 0.678392
839 0.323394 0.666216 0.336391 0.679165
736 0.351682 0.666216 0.372579 0.677619
501 0.391182 0.663896 0.414373 0.674526
754 0.431957 0.663317 0.450051 0.67414
869 0.462283 0.660417 0.477064 0.670661
748 0.485474 0.659838 0.495923 0.671434
20 0.515545 0.659258 0.539755 0.669501
223 0.558869 0.658291 0.58002 0.667955
839 0.596585 0.656165 0.610601 0.666409
839 0.628695 0.655779 0.643221 0.666409
514 0.683741 0.653266 0.711009 0.66293
839 0.783894 0.65346 0.795617 0.664863
736 0.813201 0.65288 0.835882 0.664476
736 0.859327 0.651913 0.885831 0.663703
754 0.904944 0.651334 0.926606 0.66293
869 0.936035 0.649594 0.95107 0.660997
748 0.077217 0.688249 0.087666 0.697333
753 0.099898 0.688249 0.11264 0.698492
353 0.158257 0.689215 0.180428 0.700425
839 0.189093 0.689602 0.201325 0.701585
599 0.215851 0.686316 0.233945 0.699266
1 0.238787 0.687283 0.247197 0.695014
71 0.266565 0.687089 0.288991 0.697719
748 0.298675 0.687476 0.30683 0.697719
164 0.326198 0.685736 0.347095 0.696946
136 0.372834 0.68477 0.401631 0.695787
358 0.422018 0.683997 0.443425 0.693854
748 0.458716 0.683417 0.470948 0.69424
514 0.681957 0.675493 0.711009 0.687283
839 0.781346 0.677619 0.795617 0.689602
736 0.81524 0.676652 0.83945 0.688056
501 0.86213 0.675493 0.885831 0.686896
754 0.906473 0.674913 0.928135 0.687283
869 0.93629 0.673367 0.95158 0.68535
631 0.478338 0.681291 0.488277 0.690375
491 0.50739 0.681291 0.531091 0.692308
641 0.553262 0.680518 0.576962 0.691921
661 0.581804 0.675686 0.592253 0.682644
861 0.606014 0.678585 0.621814 0.689602
10 0.100663 0.708156 0.118756 0.71666
748 0.078491 0.708543 0.088175 0.71898
514 0.191896 0.70777 0.216616 0.716274
79 0.143221 0.708929 0.169215 0.718593
631 0.226809 0.707963 0.240571 0.719366
275 0.269113 0.706417 0.299694 0.717047
514 0.323904 0.706803 0.347604 0.71782
90 0.367992 0.707383 0.391437 0.718593
839 0.407238 0.704871 0.420489 0.71666
736 0.433486 0.704291 0.450561 0.715887
501 0.469419 0.704677 0.491845 0.715887
754 0.505352 0.703518 0.521407 0.713954
869 0.5316 0.703711 0.544343 0.713568
748 0.550714 0.703131 0.559123 0.713181
89 0.577727 0.703324 0.598369 0.714341
737 0.609327 0.701971 0.627421 0.712408
580 0.643221 0.699072 0.662589 0.709316
514 0.688073 0.699072 0.715087 0.710475
90 0.739551 0.699652 0.765545 0.710089
839 0.78262 0.699266 0.796636 0.710475
736 0.813965 0.699652 0.83894 0.710862
501 0.860347 0.697719 0.885321 0.708929
754 0.904179 0.696946 0.924057 0.708929
869 0.938328 0.69482 0.953619 0.706223
748 0.136595 0.72903 0.144241 0.738693
661 0.146789 0.727097 0.153925 0.734055
861 0.16055 0.727677 0.171254 0.735988
514 0.185525 0.728257 0.202345 0.738693
90 0.212793 0.728836 0.227829 0.74024
839 0.236493 0.729996 0.244648 0.74024
736 0.254332 0.72787 0.268603 0.73792
869 0.318043 0.728063 0.330785 0.737534
748 0.333078 0.72787 0.33792 0.736761
248 0.351682 0.728836 0.366463 0.73792
10 0.375892 0.726904 0.388379 0.736761
641 0.401886 0.726324 0.41896 0.737147
535 0.436799 0.724391 0.456167 0.733668
661 0.460499 0.722458 0.46789 0.730963
514 0.510449 0.723811 0.524975 0.731736
90 0.534404 0.724778 0.546891 0.734828
839 0.556065 0.725358 0.566259 0.734441
736 0.577982 0.723618 0.593782 0.733282
501 0.607543 0.723618 0.624363 0.733668
754 0.635066 0.723425 0.649847 0.732509
869 0.654434 0.721879 0.663099 0.731736
98 0.714067 0.721879 0.728338 0.731736
118 0.744393 0.721879 0.762997 0.733282
514 0.77421 0.721492 0.787971 0.732122
90 0.800714 0.720719 0.817533 0.731349
839 0.826198 0.721492 0.836901 0.731349
736 0.846075 0.720912 0.861876 0.731736
501 0.87895 0.720719 0.897554 0.731736
754 0.912589 0.721106 0.930173 0.732895
869 0.936799 0.718206 0.950561 0.72903
599 0.192151 0.747391 0.20999 0.758407
1 0.219674 0.749324 0.230887 0.757248
71 0.247197 0.748937 0.266055 0.759567
839 0.346075 0.748744 0.358308 0.759954
631 0.365953 0.747971 0.377676 0.759567
110 0.39577 0.747971 0.417431 0.760727
748 0.42686 0.746038 0.438328 0.757634
711 0.454383 0.743139 0.471458 0.752609
640 0.494648 0.743912 0.519878 0.755702
711 0.539755 0.743139 0.557594 0.752609
514 0.591743 0.743139 0.623853 0.753769
90 0.654689 0.742945 0.688073 0.753769
839 0.775484 0.741206 0.787971 0.752223
736 0.80683 0.741593 0.831295 0.751836
501 0.85525 0.74024 0.879715 0.750676
754 0.900102 0.73966 0.922018 0.74913
869 0.938073 0.737147 0.952599 0.748744
839 0.220438 0.768651 0.231397 0.776962
736 0.240316 0.768264 0.254842 0.778894
754 0.294852 0.770197 0.303772 0.780441
869 0.310907 0.771164 0.320591 0.7816
748 0.325433 0.77155 0.332824 0.78276
839 0.338685 0.770197 0.348624 0.7816
856 0.361621 0.769231 0.374108 0.779668
839 0.383792 0.768651 0.393986 0.779281
514 0.408767 0.768458 0.424567 0.778508
90 0.439857 0.767105 0.459225 0.776962
839 0.46738 0.767105 0.477574 0.777735
736 0.489806 0.766718 0.505097 0.776575
501 0.523445 0.767105 0.541794 0.777735
754 0.554281 0.766332 0.568298 0.776962
869 0.577982 0.767298 0.590214 0.777348
748 0.59684 0.767298 0.604995 0.779281
839 0.614934 0.766718 0.625382 0.777735
839 0.634811 0.766911 0.64526 0.777735
223 0.663354 0.765752 0.682467 0.776962
580 0.694699 0.764012 0.712029 0.776189
514 0.727574 0.764399 0.746177 0.775416
90 0.76631 0.763626 0.788481 0.775416
839 0.799185 0.763433 0.810907 0.775416
736 0.827982 0.763239 0.849134 0.774256
501 0.868247 0.762273 0.890418 0.773096
754 0.906218 0.76034 0.925586 0.770777
869 0.938073 0.76092 0.953109 0.77271
644 0.245413 0.789911 0.268094 0.798995
90 0.333588 0.790684 0.358308 0.801701
839 0.368502 0.789525 0.378186 0.798222
501 0.437309 0.788558 0.459225 0.797062
754 0.47528 0.790104 0.491335 0.800541
869 0.5 0.789331 0.511213 0.800541
748 0.518858 0.790491 0.525484 0.802474
20 0.546381 0.789525 0.566769 0.800541
223 0.582824 0.788945 0.600917 0.800155
839 0.610856 0.788365 0.621814 0.800928
839 0.63787 0.789331 0.652396 0.801701
514 0.682467 0.787399 0.70948 0.798608
90 0.738532 0.786819 0.769623 0.798995
839 0.781346 0.785852 0.795107 0.798222
736 0.820082 0.784113 0.846585 0.795903
501 0.865443 0.784306 0.88736 0.797062
754 0.905708 0.78218 0.927625 0.795129
869 0.936544 0.78218 0.952599 0.794356
566 0.257645 0.810398 0.283384 0.821028
748 0.289246 0.811558 0.299185 0.822961
753 0.42686 0.811171 0.457696 0.821028
172 0.320082 0.810591 0.341488 0.822188
748 0.471713 0.810785 0.48369 0.822574
640 0.549949 0.809432 0.570336 0.819869
711 0.590214 0.807886 0.61213 0.817549
750 0.507645 0.810785 0.529562 0.821801
514 0.678644 0.806726 0.707441 0.817549
90 0.73369 0.808465 0.764016 0.820255
736 0.817023 0.807306 0.840979 0.818322
839 0.778033 0.807886 0.79103 0.819095
501 0.861621 0.806726 0.885831 0.818709
90 0.311162 0.830885 0.337411 0.841515
839 0.360347 0.831272 0.372579 0.840742
736 0.390673 0.831078 0.411825 0.841129
501 0.433996 0.831658 0.457187 0.842675
754 0.472732 0.831852 0.486748 0.843448
869 0.503313 0.830112 0.519878 0.840742
92 0.559123 0.827406 0.595311 0.836877
1 0.630224 0.827406 0.66208 0.834557
578 0.679154 0.827986 0.696228 0.838809
120 0.738532 0.829146 0.780326 0.839583
71 0.816769 0.830692 0.840979 0.841902
496 0.864934 0.830112 0.889908 0.840742
566 0.387105 0.852339 0.397044 0.864322
15 0.456932 0.855624 0.480122 0.867027
24 0.495413 0.854078 0.517329 0.865095
839 0.527523 0.852725 0.540265 0.864322
839 0.549439 0.852725 0.561672 0.865481
748 0.568043 0.850986 0.576453 0.863162
578 0.587156 0.847893 0.598879 0.859683
685 0.618502 0.850213 0.641692 0.862775
112 0.658257 0.84944 0.678389 0.860456
514 0.699032 0.850406 0.723242 0.859683
90 0.743119 0.853692 0.765545 0.866641
839 0.780581 0.851952 0.794597 0.863935
736 0.809888 0.851952 0.831804 0.863162
501 0.851937 0.852532 0.874618 0.863935
839 0.291794 0.875338 0.302752 0.885968
514 0.21738 0.871086 0.238532 0.882103
90 0.257136 0.874565 0.278797 0.885195
736 0.319827 0.874758 0.339959 0.885582
501 0.359837 0.874758 0.381244 0.886355
754 0.400102 0.875725 0.415902 0.885968
869 0.429154 0.876305 0.445464 0.886741
748 0.462283 0.876884 0.473496 0.887901
552 0.49159 0.877078 0.510703 0.886741
142 0.530581 0.877464 0.556065 0.888288
560 0.580785 0.876111 0.608053 0.889834
736 0.62844 0.875145 0.659531 0.887128
514 0.69368 0.876305 0.719674 0.887901
18 0.743119 0.876498 0.769623 0.887901
839 0.780071 0.876691 0.794088 0.889447
736 0.808869 0.877271 0.830785 0.888674
469 0.259684 0.894859 0.278797 0.906069
541 0.304281 0.894279 0.333843 0.905296
490 0.359837 0.895245 0.38787 0.906069
541 0.41896 0.896019 0.45158 0.908002
748 0.487003 0.897758 0.494903 0.909161
164 0.512742 0.896985 0.538736 0.907228
495 0.584608 0.897178 0.617737 0.908775
1 0.688838 0.896212 0.719164 0.904136
71 0.750765 0.898918 0.779817 0.909548
839 0.803262 0.898145 0.821611 0.909934
