839 0.153906 1.016035 0.151562 0.778426
118 0.492969 1.169096 0.404688 0.868805
142 0.348438 0.397959 0.29375 0.364431
561 0.485156 0.389213 0.395312 0.358601
24 0.638281 0.395044 0.501562 0.35277
380 0.582812 0.584548 0.459375 0.498542
552 0.839062 0.575802 0.61875 0.475219
9 0.321875 0.588921 0.26875 0.466472
14 0.44375 0.600583 0.365625 0.489796
724 0.696875 0.584548 0.534375 0.48105
248 0.18125 0.803207 0.196875 0.626822
248 0.465625 0.797376 0.3875 0.620991
258 0.33125 0.78863 0.284375 0.626822
754 0.934375 0.940233 0.671875 0.714286
142 0.608594 0.785714 0.473438 0.61516
485 0.757031 0.763848 0.589062 0.606414
1 0.898438 0.766764 0.634375 0.571429
496 0.271875 1.0 0.25 0.763848
590 0.403906 0.998542 0.339062 0.755102
259 0.545312 0.975219 0.421875 0.737609
498 0.663281 0.96793 0.495312 0.734694
31 0.784375 0.951895 0.603125 0.725948
136 0.179688 1.199708 0.196875 0.895044
89 0.342188 1.180758 0.296875 0.862974
309 0.645312 1.135569 0.484375 0.842566
483 0.779688 1.125364 0.6 0.83965
589 0.928125 1.09621 0.678125 0.833819
580 1.041406 1.090379 0.767188 0.827988
839 0.153906 1.016035 0.151562 0.778426
118 0.492969 1.169096 0.404688 0.868805
142 0.348438 0.397959 0.29375 0.364431
561 0.485156 0.389213 0.395312 0.358601
24 0.638281 0.395044 0.501562 0.35277
380 0.582812 0.584548 0.459375 0.498542
552 0.839062 0.575802 0.61875 0.475219
9 0.321875 0.588921 0.26875 0.466472
14 0.44375 0.600583 0.365625 0.489796
724 0.696875 0.584548 0.534375 0.48105
248 0.18125 0.803207 0.196875 0.626822
248 0.465625 0.797376 0.3875 0.620991
258 0.33125 0.78863 0.284375 0.626822
754 0.934375 0.940233 0.671875 0.714286
142 0.608594 0.785714 0.473438 0.61516
485 0.757031 0.763848 0.589062 0.606414
1 0.898438 0.766764 0.634375 0.571429
496 0.271875 1.0 0.25 0.763848
590 0.403906 0.998542 0.339062 0.755102
259 0.545312 0.975219 0.421875 0.737609
498 0.663281 0.96793 0.495312 0.734694
31 0.784375 0.951895 0.603125 0.725948
136 0.179688 1.199708 0.196875 0.895044
89 0.342188 1.180758 0.296875 0.862974
309 0.645312 1.135569 0.484375 0.842566
483 0.779688 1.125364 0.6 0.83965
589 0.928125 1.09621 0.678125 0.833819
580 1.041406 1.090379 0.767188 0.827988
