10 0.166335 0.682515 0.197211 0.616564
711 0.36255 0.690184 0.342629 0.570552
380 0.758964 0.616564 0.61753 0.558282
248 1.044821 0.633436 0.850598 0.579755
10 0.194223 1.026074 0.237052 0.806748
731 0.782869 0.996933 0.669323 0.791411
127 0.451195 0.986196 0.456175 0.819018
10 1.003984 0.981595 0.749004 0.791411
248 1.079681 0.308282 0.836653 0.334356
10 0.166335 0.682515 0.197211 0.616564
711 0.36255 0.690184 0.342629 0.570552
380 0.758964 0.616564 0.61753 0.558282
248 1.044821 0.633436 0.850598 0.579755
10 0.194223 1.026074 0.237052 0.806748
731 0.782869 0.996933 0.669323 0.791411
127 0.451195 0.986196 0.456175 0.819018
10 1.003984 0.981595 0.749004 0.791411
248 1.079681 0.308282 0.836653 0.334356
