98 0.877058 0.227543 0.74177 0.241083
737 0.474794 0.470938 0.470165 0.405548
252 0.711934 0.431308 0.613169 0.36856
490 1.015432 0.428666 0.82716 0.371202
89 0.469136 0.640357 0.467078 0.517173
839 0.798354 0.617239 0.650206 0.498679
252 1.049383 0.60568 0.833333 0.482166
1 0.905864 0.827609 0.704733 0.603699
561 0.8107 0.968956 0.693416 0.734478
839 1.239198 0.956077 0.898148 0.687583
1 0.408951 1.173052 0.352881 0.833554
142 0.657922 1.153897 0.616255 0.834875
711 0.914095 1.113606 0.727366 0.811096
839 1.036523 0.80317 0.776749 0.616909
756 1.19856 0.793593 0.911523 0.603038
98 0.877058 0.227543 0.74177 0.241083
737 0.474794 0.470938 0.470165 0.405548
252 0.711934 0.431308 0.613169 0.36856
490 1.015432 0.428666 0.82716 0.371202
89 0.469136 0.640357 0.467078 0.517173
839 0.798354 0.617239 0.650206 0.498679
252 1.049383 0.60568 0.833333 0.482166
1 0.905864 0.827609 0.704733 0.603699
561 0.8107 0.968956 0.693416 0.734478
839 1.239198 0.956077 0.898148 0.687583
1 0.408951 1.173052 0.352881 0.833554
142 0.657922 1.153897 0.616255 0.834875
711 0.914095 1.113606 0.727366 0.811096
839 1.036523 0.80317 0.776749 0.616909
756 1.19856 0.793593 0.911523 0.603038
