170 0.130703 0.258065 0.177559 0.342432
0 0.252774 0.229529 0.311961 0.277916
227 0.067818 0.187345 0.103576 0.263027
247 0.62947 0.126551 0.663379 0.183623
6 0.717633 0.130273 0.77312 0.183623
59 0.822441 0.158809 0.874229 0.233251
56 0.912454 0.174938 0.95561 0.235732
125 0.456843 0.115385 0.503083 0.171216
116 0.545623 0.109181 0.596794 0.163772
229 0.280518 0.130273 0.319359 0.181141
180 0.202219 0.133995 0.24291 0.183623
0 0.133169 0.146402 0.17016 0.188586
10 0.384094 0.222084 0.467324 0.282878
20 0.541924 0.215881 0.623921 0.280397
87 0.901356 0.26799 0.963009 0.342432
227 0.065968 0.400744 0.092478 0.493797
0 0.122072 0.37469 0.159063 0.434243
180 0.181874 0.366005 0.218249 0.44665
229 0.254007 0.361042 0.293465 0.426799
28 0.344636 0.353598 0.405672 0.424318
28 0.367448 0.111663 0.421702 0.166253
125 0.448829 0.363524 0.49815 0.44665
116 0.545623 0.349876 0.59926 0.426799
6 0.652281 0.358561 0.7127 0.431762
191 0.762639 0.354839 0.828607 0.42928
128 0.864365 0.382134 0.906289 0.456576
163 0.130086 0.514888 0.193588 0.602978
157 0.357583 0.51737 0.414303 0.588089
10 0.604809 0.496278 0.675709 0.580645
227 0.072133 0.671216 0.103576 0.759305
229 0.136868 0.668734 0.167694 0.736973
141 0.286683 0.653846 0.350185 0.724566
191 0.434032 0.643921 0.519112 0.719603
79 0.249692 0.514888 0.310727 0.595533
130 0.588163 0.635236 0.659679 0.709677
170 0.416769 0.782878 0.462392 0.853598
202 0.538841 0.774194 0.611591 0.861042
35 0.156597 0.78536 0.217016 0.851117
170 0.130703 0.258065 0.177559 0.342432
0 0.252774 0.229529 0.311961 0.277916
227 0.067818 0.187345 0.103576 0.263027
247 0.62947 0.126551 0.663379 0.183623
6 0.717633 0.130273 0.77312 0.183623
59 0.822441 0.158809 0.874229 0.233251
56 0.912454 0.174938 0.95561 0.235732
125 0.456843 0.115385 0.503083 0.171216
116 0.545623 0.109181 0.596794 0.163772
229 0.280518 0.130273 0.319359 0.181141
180 0.202219 0.133995 0.24291 0.183623
0 0.133169 0.146402 0.17016 0.188586
10 0.384094 0.222084 0.467324 0.282878
20 0.541924 0.215881 0.623921 0.280397
87 0.901356 0.26799 0.963009 0.342432
227 0.065968 0.400744 0.092478 0.493797
0 0.122072 0.37469 0.159063 0.434243
180 0.181874 0.366005 0.218249 0.44665
229 0.254007 0.361042 0.293465 0.426799
28 0.344636 0.353598 0.405672 0.424318
28 0.367448 0.111663 0.421702 0.166253
125 0.448829 0.363524 0.49815 0.44665
116 0.545623 0.349876 0.59926 0.426799
6 0.652281 0.358561 0.7127 0.431762
191 0.762639 0.354839 0.828607 0.42928
128 0.864365 0.382134 0.906289 0.456576
163 0.130086 0.514888 0.193588 0.602978
157 0.357583 0.51737 0.414303 0.588089
10 0.604809 0.496278 0.675709 0.580645
227 0.072133 0.671216 0.103576 0.759305
229 0.136868 0.668734 0.167694 0.736973
141 0.286683 0.653846 0.350185 0.724566
191 0.434032 0.643921 0.519112 0.719603
79 0.249692 0.514888 0.310727 0.595533
130 0.588163 0.635236 0.659679 0.709677
170 0.416769 0.782878 0.462392 0.853598
202 0.538841 0.774194 0.611591 0.861042
35 0.156597 0.78536 0.217016 0.851117
