37 0.61878 0.328125 0.669342 0.373355
6 0.613965 0.422697 0.680578 0.46875
34 0.438202 0.519737 0.540931 0.585526
247 0.626806 0.515625 0.686998 0.565789
247 0.803371 0.479441 0.850722 0.536184
6 0.26886 0.634046 0.354735 0.680921
0 0.494382 0.622533 0.598716 0.657895
37 0.812199 0.551809 0.874799 0.598684
227 0.129213 0.662007 0.17496 0.708882
230 0.827448 0.852796 0.910112 0.898026
194 0.239165 0.887336 0.277689 0.925987
194 0.29374 0.883224 0.321027 0.924342
227 0.113965 0.79852 0.141252 0.835526
6 0.184591 0.796875 0.23435 0.833882
230 0.302568 0.793586 0.372392 0.825658
172 0.782504 0.744243 0.913323 0.789474
100 0.553772 0.758224 0.630819 0.805921
6 0.351525 0.713816 0.391653 0.754934
6 0.166132 0.716283 0.203852 0.753289
194 0.211878 0.719572 0.242376 0.756579
68 0.275281 0.715461 0.327448 0.756579
28 0.420546 0.70477 0.460674 0.745066
6 0.624398 0.675164 0.674157 0.71875
31 0.146067 0.885691 0.218299 0.924342
6 0.835474 0.662829 0.87801 0.720395
37 0.61878 0.328125 0.669342 0.373355
6 0.613965 0.422697 0.680578 0.46875
34 0.438202 0.519737 0.540931 0.585526
247 0.626806 0.515625 0.686998 0.565789
247 0.803371 0.479441 0.850722 0.536184
6 0.26886 0.634046 0.354735 0.680921
0 0.494382 0.622533 0.598716 0.657895
37 0.812199 0.551809 0.874799 0.598684
227 0.129213 0.662007 0.17496 0.708882
230 0.827448 0.852796 0.910112 0.898026
194 0.239165 0.887336 0.277689 0.925987
194 0.29374 0.883224 0.321027 0.924342
227 0.113965 0.79852 0.141252 0.835526
6 0.184591 0.796875 0.23435 0.833882
230 0.302568 0.793586 0.372392 0.825658
172 0.782504 0.744243 0.913323 0.789474
100 0.553772 0.758224 0.630819 0.805921
6 0.351525 0.713816 0.391653 0.754934
6 0.166132 0.716283 0.203852 0.753289
194 0.211878 0.719572 0.242376 0.756579
68 0.275281 0.715461 0.327448 0.756579
28 0.420546 0.70477 0.460674 0.745066
6 0.624398 0.675164 0.674157 0.71875
31 0.146067 0.885691 0.218299 0.924342
6 0.835474 0.662829 0.87801 0.720395
