10 0.195044 0.09428 0.273189 0.128178
15 0.337992 0.086864 0.407878 0.122881
566 0.574968 0.081038 0.656925 0.117585
71 0.74587 0.084216 0.837357 0.120763
552 0.166455 0.168432 0.223634 0.212924
839 0.256036 0.167373 0.299873 0.216102
490 0.409149 0.154131 0.514612 0.199153
248 0.588945 0.150953 0.673443 0.197034
99 0.736341 0.158369 0.808132 0.20339
248 0.366582 0.253708 0.457433 0.300847
99 0.517789 0.247881 0.593393 0.294492
10 0.641677 0.25053 0.70648 0.294492
111 0.378653 0.336864 0.456163 0.382415
358 0.538755 0.334746 0.623888 0.379237
261 0.226175 0.559322 0.357052 0.615466
248 0.419949 0.548199 0.498094 0.598517
498 0.193774 0.67161 0.282084 0.724576
9 0.339263 0.664195 0.410419 0.715042
580 0.469504 0.654131 0.532402 0.708686
566 0.191868 0.766949 0.277001 0.816737
266 0.390724 0.756886 0.517154 0.805085
252 0.172808 0.853284 0.261753 0.900424
350 0.347522 0.851165 0.443456 0.900424
10 0.195044 0.09428 0.273189 0.128178
15 0.337992 0.086864 0.407878 0.122881
566 0.574968 0.081038 0.656925 0.117585
71 0.74587 0.084216 0.837357 0.120763
552 0.166455 0.168432 0.223634 0.212924
839 0.256036 0.167373 0.299873 0.216102
490 0.409149 0.154131 0.514612 0.199153
248 0.588945 0.150953 0.673443 0.197034
99 0.736341 0.158369 0.808132 0.20339
248 0.366582 0.253708 0.457433 0.300847
99 0.517789 0.247881 0.593393 0.294492
10 0.641677 0.25053 0.70648 0.294492
111 0.378653 0.336864 0.456163 0.382415
358 0.538755 0.334746 0.623888 0.379237
261 0.226175 0.559322 0.357052 0.615466
248 0.419949 0.548199 0.498094 0.598517
498 0.193774 0.67161 0.282084 0.724576
9 0.339263 0.664195 0.410419 0.715042
580 0.469504 0.654131 0.532402 0.708686
566 0.191868 0.766949 0.277001 0.816737
266 0.390724 0.756886 0.517154 0.805085
252 0.172808 0.853284 0.261753 0.900424
350 0.347522 0.851165 0.443456 0.900424
