120 0.527094 0.45119 0.541872 0.407143
258 0.582923 0.65119 0.538588 0.540476
111 1.146962 0.65 0.881773 0.533333
255 0.587028 0.863095 0.477833 0.683333
266 0.771757 0.867857 0.610837 0.697619
859 0.93514 0.894048 0.661741 0.730952
495 1.041051 0.87619 0.775041 0.709524
553 0.77422 1.055952 0.743842 0.797619
490 1.205255 1.055952 0.935961 0.788095
753 0.845649 1.219048 0.722496 0.885714
498 1.227422 1.194048 0.921182 0.883333
357 0.50821 1.204762 0.454844 0.909524
381 0.420361 0.861905 0.361248 0.714286
381 1.226601 0.840476 0.906404 0.685714
255 0.250411 0.847619 0.247947 0.671429
120 0.527094 0.45119 0.541872 0.407143
258 0.582923 0.65119 0.538588 0.540476
111 1.146962 0.65 0.881773 0.533333
255 0.587028 0.863095 0.477833 0.683333
266 0.771757 0.867857 0.610837 0.697619
859 0.93514 0.894048 0.661741 0.730952
495 1.041051 0.87619 0.775041 0.709524
553 0.77422 1.055952 0.743842 0.797619
490 1.205255 1.055952 0.935961 0.788095
753 0.845649 1.219048 0.722496 0.885714
498 1.227422 1.194048 0.921182 0.883333
357 0.50821 1.204762 0.454844 0.909524
381 0.420361 0.861905 0.361248 0.714286
381 1.226601 0.840476 0.906404 0.685714
255 0.250411 0.847619 0.247947 0.671429
