134 0.835246 0.151724 0.947541 0.211494
230 0.686066 0.249425 0.816393 0.326437
237 0.871311 0.232184 0.92459 0.287356
134 0.85082 0.358621 0.952459 0.434483
188 0.617213 0.408046 0.762295 0.498851
134 0.836885 0.478161 0.934426 0.542529
46 0.468852 0.517241 0.554098 0.602299
27 0.533607 0.664368 0.640984 0.747126
134 0.570492 0.794253 0.644262 0.871264
134 0.835246 0.151724 0.947541 0.211494
230 0.686066 0.249425 0.816393 0.326437
237 0.871311 0.232184 0.92459 0.287356
134 0.85082 0.358621 0.952459 0.434483
188 0.617213 0.408046 0.762295 0.498851
134 0.836885 0.478161 0.934426 0.542529
46 0.468852 0.517241 0.554098 0.602299
27 0.533607 0.664368 0.640984 0.747126
134 0.570492 0.794253 0.644262 0.871264
