566 0.151348 0.330846 0.216912 0.343284
566 0.165441 0.548507 0.227941 0.475124
839 0.376838 0.34204 0.300245 0.350746
380 0.683824 0.345771 0.526961 0.363184
566 0.859681 0.323383 0.667892 0.343284
567 1.238971 0.53607 0.926471 0.4801
661 1.379289 0.554726 0.959559 0.477612
10 0.430147 0.573383 0.401961 0.495025
496 0.512255 0.335821 0.421569 0.323383
248 1.057598 0.339552 0.794118 0.325871
483 1.251225 0.355721 0.919118 0.333333
1 0.657475 0.568408 0.523284 0.455224
113 0.874387 0.534826 0.675245 0.442786
748 0.101103 0.838308 0.109069 0.696517
1 0.190564 0.828358 0.175245 0.631841
20 0.322917 0.828358 0.3125 0.661692
10 0.776348 0.84204 0.596814 0.654229
313 0.542892 0.843284 0.480392 0.676617
641 0.932598 0.839552 0.705882 0.674129
24 1.116422 0.834577 0.833333 0.644279
869 1.258578 0.829602 0.889706 0.654229
596 0.191789 1.017413 0.214461 0.776119
869 0.343137 1.034826 0.296569 0.791045
10 0.775735 1.0199 0.654412 0.781095
151 1.113358 1.052239 0.829657 0.81592
143 1.31924 1.007463 0.942402 0.761194
641 0.856618 0.136816 0.671569 0.159204
10 0.707108 0.149254 0.546569 0.169154
566 0.151348 0.330846 0.216912 0.343284
566 0.165441 0.548507 0.227941 0.475124
839 0.376838 0.34204 0.300245 0.350746
380 0.683824 0.345771 0.526961 0.363184
566 0.859681 0.323383 0.667892 0.343284
567 1.238971 0.53607 0.926471 0.4801
661 1.379289 0.554726 0.959559 0.477612
10 0.430147 0.573383 0.401961 0.495025
496 0.512255 0.335821 0.421569 0.323383
248 1.057598 0.339552 0.794118 0.325871
483 1.251225 0.355721 0.919118 0.333333
1 0.657475 0.568408 0.523284 0.455224
113 0.874387 0.534826 0.675245 0.442786
748 0.101103 0.838308 0.109069 0.696517
1 0.190564 0.828358 0.175245 0.631841
20 0.322917 0.828358 0.3125 0.661692
10 0.776348 0.84204 0.596814 0.654229
313 0.542892 0.843284 0.480392 0.676617
641 0.932598 0.839552 0.705882 0.674129
24 1.116422 0.834577 0.833333 0.644279
869 1.258578 0.829602 0.889706 0.654229
596 0.191789 1.017413 0.214461 0.776119
869 0.343137 1.034826 0.296569 0.791045
10 0.775735 1.0199 0.654412 0.781095
151 1.113358 1.052239 0.829657 0.81592
143 1.31924 1.007463 0.942402 0.761194
641 0.856618 0.136816 0.671569 0.159204
10 0.707108 0.149254 0.546569 0.169154
