16 0.445946 0.126198 0.539254 0.166134
596 0.595238 0.111289 0.658945 0.15655
839 0.131274 0.248136 0.184041 0.294995
181 0.249035 0.237487 0.326898 0.288605
753 0.405405 0.225772 0.495495 0.28754
839 0.532819 0.220447 0.580438 0.280085
514 0.177606 0.337061 0.2574 0.382322
92 0.313385 0.317359 0.384813 0.367412
754 0.43565 0.322684 0.501931 0.371672
24 0.590734 0.310969 0.679537 0.353568
10 0.171815 0.431842 0.258687 0.482428
380 0.305019 0.415868 0.369369 0.462194
252 0.472329 0.403621 0.579151 0.451544
98 0.480695 0.483493 0.56242 0.531416
358 0.380309 0.606496 0.464607 0.661342
566 0.193694 0.733759 0.298584 0.781683
1 0.155727 0.831736 0.207207 0.872204
16 0.445946 0.126198 0.539254 0.166134
596 0.595238 0.111289 0.658945 0.15655
839 0.131274 0.248136 0.184041 0.294995
181 0.249035 0.237487 0.326898 0.288605
753 0.405405 0.225772 0.495495 0.28754
839 0.532819 0.220447 0.580438 0.280085
514 0.177606 0.337061 0.2574 0.382322
92 0.313385 0.317359 0.384813 0.367412
754 0.43565 0.322684 0.501931 0.371672
24 0.590734 0.310969 0.679537 0.353568
10 0.171815 0.431842 0.258687 0.482428
380 0.305019 0.415868 0.369369 0.462194
252 0.472329 0.403621 0.579151 0.451544
98 0.480695 0.483493 0.56242 0.531416
358 0.380309 0.606496 0.464607 0.661342
566 0.193694 0.733759 0.298584 0.781683
1 0.155727 0.831736 0.207207 0.872204
