380 0.733542 0.806647 0.62069 0.676737
859 0.507837 0.827795 0.451411 0.706949
644 0.979624 0.808157 0.824451 0.673716
113 1.22884 0.823263 0.915361 0.649547
812 0.347962 1.126888 0.388715 0.89426
589 1.137931 1.102719 0.909091 0.888218
98 0.851097 1.126888 0.705329 0.882175
883 0.61442 1.129909 0.520376 0.89426
469 0.380878 0.564955 0.39185 0.495468
631 0.5721 0.561934 0.485893 0.471299
748 0.166144 0.533233 0.163009 0.480363
748 0.253918 0.55287 0.238245 0.483384
380 0.733542 0.806647 0.62069 0.676737
859 0.507837 0.827795 0.451411 0.706949
644 0.979624 0.808157 0.824451 0.673716
113 1.22884 0.823263 0.915361 0.649547
812 0.347962 1.126888 0.388715 0.89426
589 1.137931 1.102719 0.909091 0.888218
98 0.851097 1.126888 0.705329 0.882175
883 0.61442 1.129909 0.520376 0.89426
469 0.380878 0.564955 0.39185 0.495468
631 0.5721 0.561934 0.485893 0.471299
748 0.166144 0.533233 0.163009 0.480363
748 0.253918 0.55287 0.238245 0.483384
