113 0.245504 0.223958 0.242806 0.195312
113 0.231115 0.338542 0.239209 0.276042
10 0.456835 0.908854 0.42446 0.666667
737 0.963129 0.876302 0.735612 0.635417
248 0.722122 0.876953 0.613309 0.639323
113 0.230216 0.908203 0.23741 0.657552
113 0.25 0.799479 0.255396 0.580729
113 0.238309 0.685547 0.232014 0.503906
113 0.238309 0.559896 0.239209 0.424479
113 0.236511 1.015625 0.246403 0.734375
113 0.223022 1.142578 0.223022 0.813802
1 0.406475 0.551432 0.327338 0.41276
151 0.555755 0.554688 0.464029 0.421875
120 0.499101 0.478516 0.386691 0.347656
494 0.635791 0.473307 0.516187 0.345052
259 0.789568 0.539062 0.661871 0.411458
259 0.77518 0.647135 0.661871 0.489583
184 0.517086 0.774089 0.526978 0.574219
567 0.861511 0.763672 0.690647 0.558594
711 0.524281 0.660807 0.455036 0.49349
748 0.440647 0.671224 0.345324 0.509115
1 0.441547 1.011719 0.372302 0.721354
748 0.857014 1.10612 0.598921 0.779948
748 0.91277 1.104818 0.642086 0.782552
711 0.989209 1.088542 0.741007 0.776042
567 1.157374 1.085938 0.854317 0.776042
747 0.605216 1.004557 0.505396 0.722656
6 0.419065 0.099609 0.406475 0.11849
736 0.423561 0.207682 0.393885 0.19401
511 0.636691 0.202474 0.535971 0.186198
808 0.569245 0.311198 0.476619 0.257812
469 0.399281 0.31901 0.352518 0.265625
644 0.848022 0.982422 0.710432 0.71224
701 1.151079 0.979818 0.931655 0.704427
300 0.638489 1.10612 0.561151 0.790365
248 1.181655 0.86849 0.902878 0.630208
113 0.245504 0.223958 0.242806 0.195312
113 0.231115 0.338542 0.239209 0.276042
10 0.456835 0.908854 0.42446 0.666667
737 0.963129 0.876302 0.735612 0.635417
248 0.722122 0.876953 0.613309 0.639323
113 0.230216 0.908203 0.23741 0.657552
113 0.25 0.799479 0.255396 0.580729
113 0.238309 0.685547 0.232014 0.503906
113 0.238309 0.559896 0.239209 0.424479
113 0.236511 1.015625 0.246403 0.734375
113 0.223022 1.142578 0.223022 0.813802
1 0.406475 0.551432 0.327338 0.41276
151 0.555755 0.554688 0.464029 0.421875
120 0.499101 0.478516 0.386691 0.347656
494 0.635791 0.473307 0.516187 0.345052
259 0.789568 0.539062 0.661871 0.411458
259 0.77518 0.647135 0.661871 0.489583
184 0.517086 0.774089 0.526978 0.574219
567 0.861511 0.763672 0.690647 0.558594
711 0.524281 0.660807 0.455036 0.49349
748 0.440647 0.671224 0.345324 0.509115
1 0.441547 1.011719 0.372302 0.721354
748 0.857014 1.10612 0.598921 0.779948
748 0.91277 1.104818 0.642086 0.782552
711 0.989209 1.088542 0.741007 0.776042
567 1.157374 1.085938 0.854317 0.776042
747 0.605216 1.004557 0.505396 0.722656
6 0.419065 0.099609 0.406475 0.11849
736 0.423561 0.207682 0.393885 0.19401
511 0.636691 0.202474 0.535971 0.186198
808 0.569245 0.311198 0.476619 0.257812
469 0.399281 0.31901 0.352518 0.265625
644 0.848022 0.982422 0.710432 0.71224
701 1.151079 0.979818 0.931655 0.704427
300 0.638489 1.10612 0.561151 0.790365
248 1.181655 0.86849 0.902878 0.630208
