266 0.710191 0.153499 0.81051 0.207675
578 0.152866 0.276524 0.203822 0.327314
483 0.197452 0.388262 0.291401 0.444695
10 0.152866 0.557562 0.208599 0.611738
681 0.294586 0.547404 0.390127 0.589165
748 0.128185 0.705418 0.154459 0.760722
552 0.469745 0.679458 0.523885 0.744921
151 0.371815 0.697517 0.425159 0.76298
10 0.278662 0.803612 0.324841 0.862302
596 0.352707 0.793454 0.39172 0.848758
247 0.234873 0.699774 0.321656 0.758465
86 0.353503 0.38149 0.421975 0.442438
636 0.499204 0.150113 0.597134 0.200903
825 0.794586 0.248307 0.823248 0.286682
596 0.419586 0.792325 0.457006 0.851016
636 0.570064 0.251693 0.646497 0.300226
643 0.42914 0.255079 0.504777 0.306998
302 0.16242 0.803612 0.221338 0.86456
266 0.710191 0.153499 0.81051 0.207675
578 0.152866 0.276524 0.203822 0.327314
483 0.197452 0.388262 0.291401 0.444695
10 0.152866 0.557562 0.208599 0.611738
681 0.294586 0.547404 0.390127 0.589165
748 0.128185 0.705418 0.154459 0.760722
552 0.469745 0.679458 0.523885 0.744921
151 0.371815 0.697517 0.425159 0.76298
10 0.278662 0.803612 0.324841 0.862302
596 0.352707 0.793454 0.39172 0.848758
247 0.234873 0.699774 0.321656 0.758465
86 0.353503 0.38149 0.421975 0.442438
636 0.499204 0.150113 0.597134 0.200903
825 0.794586 0.248307 0.823248 0.286682
596 0.419586 0.792325 0.457006 0.851016
636 0.570064 0.251693 0.646497 0.300226
643 0.42914 0.255079 0.504777 0.306998
302 0.16242 0.803612 0.221338 0.86456
