748 0.130697 0.268433 0.175603 0.343318
10 0.346515 0.233871 0.373995 0.251152
120 0.61193 0.238479 0.494638 0.264977
859 0.22319 0.534562 0.242627 0.488479
567 0.437668 0.498848 0.408847 0.47235
748 0.542225 0.549539 0.384718 0.449309
748 0.595845 0.535714 0.441019 0.435484
748 0.701743 0.486175 0.518767 0.470046
292 0.865282 0.465438 0.709115 0.442396
839 1.123995 0.471198 0.821716 0.440092
839 1.281501 0.457373 0.930295 0.417051
737 0.255362 0.867512 0.269437 0.698157
252 0.467828 0.841014 0.428954 0.658986
567 0.322386 1.120968 0.33378 0.873272
380 1.22252 0.982719 0.946381 0.804147
661 0.934987 0.985023 0.690349 0.758065
86 0.636729 1.062212 0.592493 0.834101
514 0.758043 0.767281 0.668901 0.645161
748 0.130697 0.268433 0.175603 0.343318
10 0.346515 0.233871 0.373995 0.251152
120 0.61193 0.238479 0.494638 0.264977
859 0.22319 0.534562 0.242627 0.488479
567 0.437668 0.498848 0.408847 0.47235
748 0.542225 0.549539 0.384718 0.449309
748 0.595845 0.535714 0.441019 0.435484
748 0.701743 0.486175 0.518767 0.470046
292 0.865282 0.465438 0.709115 0.442396
839 1.123995 0.471198 0.821716 0.440092
839 1.281501 0.457373 0.930295 0.417051
737 0.255362 0.867512 0.269437 0.698157
252 0.467828 0.841014 0.428954 0.658986
567 0.322386 1.120968 0.33378 0.873272
380 1.22252 0.982719 0.946381 0.804147
661 0.934987 0.985023 0.690349 0.758065
86 0.636729 1.062212 0.592493 0.834101
514 0.758043 0.767281 0.668901 0.645161
