748 0.139137 0.45546 0.120536 0.387931
248 0.457589 0.471264 0.36756 0.402299
258 0.58631 0.479885 0.452381 0.413793
498 0.803571 0.50431 0.583333 0.428161
24 1.051339 0.491379 0.772321 0.41954
836 0.206845 0.45546 0.193452 0.405172
691 0.31994 0.45546 0.279762 0.399425
736 0.700149 0.485632 0.522321 0.413793
643 0.90625 0.488506 0.672619 0.425287
839 0.767857 0.675287 0.53869 0.551724
110 0.834821 0.668103 0.604167 0.531609
681 0.918155 0.673851 0.660714 0.520115
636 1.030506 0.676724 0.75744 0.548851
142 1.14881 0.682471 0.815476 0.531609
828 0.498512 0.659483 0.389881 0.520115
466 0.63244 0.675287 0.505952 0.534483
248 0.386161 0.647989 0.31994 0.525862
258 0.267113 0.646552 0.227679 0.517241
112 0.399554 0.831897 0.311012 0.646552
221 0.490327 0.83477 0.38244 0.640805
115 0.619792 0.821839 0.483631 0.655172
136 0.761161 0.859195 0.56994 0.666667
884 0.901786 0.852011 0.672619 0.658046
724 1.011161 0.864943 0.709821 0.655172
387 0.445685 1.043103 0.349702 0.781609
311 0.726935 1.034483 0.566964 0.775862
252 0.781994 1.218391 0.578869 0.873563
494 0.563988 1.051724 0.449405 0.787356
748 0.139137 0.45546 0.120536 0.387931
248 0.457589 0.471264 0.36756 0.402299
258 0.58631 0.479885 0.452381 0.413793
498 0.803571 0.50431 0.583333 0.428161
24 1.051339 0.491379 0.772321 0.41954
836 0.206845 0.45546 0.193452 0.405172
691 0.31994 0.45546 0.279762 0.399425
736 0.700149 0.485632 0.522321 0.413793
643 0.90625 0.488506 0.672619 0.425287
839 0.767857 0.675287 0.53869 0.551724
110 0.834821 0.668103 0.604167 0.531609
681 0.918155 0.673851 0.660714 0.520115
636 1.030506 0.676724 0.75744 0.548851
142 1.14881 0.682471 0.815476 0.531609
828 0.498512 0.659483 0.389881 0.520115
466 0.63244 0.675287 0.505952 0.534483
248 0.386161 0.647989 0.31994 0.525862
258 0.267113 0.646552 0.227679 0.517241
112 0.399554 0.831897 0.311012 0.646552
221 0.490327 0.83477 0.38244 0.640805
115 0.619792 0.821839 0.483631 0.655172
136 0.761161 0.859195 0.56994 0.666667
884 0.901786 0.852011 0.672619 0.658046
724 1.011161 0.864943 0.709821 0.655172
387 0.445685 1.043103 0.349702 0.781609
311 0.726935 1.034483 0.566964 0.775862
252 0.781994 1.218391 0.578869 0.873563
494 0.563988 1.051724 0.449405 0.787356
