839 0.175439 0.112437 0.241228 0.154523
110 0.324561 0.102387 0.438596 0.130653
266 0.558114 0.094849 0.679825 0.130653
164 0.746711 0.113693 0.83114 0.146985
748 0.485746 0.170854 0.532895 0.203518
252 0.635965 0.167714 0.725877 0.197236
10 0.807018 0.178392 0.892544 0.214824
812 0.151316 0.267588 0.232456 0.310302
661 0.245614 0.257538 0.296053 0.29397
736 0.381579 0.251884 0.47807 0.286432
98 0.587719 0.238065 0.684211 0.280151
839 0.100877 0.353643 0.135965 0.398241
110 0.217105 0.342965 0.320175 0.383166
164 0.724781 0.325377 0.817982 0.369347
266 0.483553 0.340452 0.638158 0.375628
596 0.154605 0.436558 0.221491 0.478643
254 0.558114 0.412688 0.703947 0.451005
856 0.461623 0.5 0.546053 0.546482
839 0.127193 0.602387 0.184211 0.649497
110 0.298246 0.584171 0.401316 0.628141
808 0.610746 0.565955 0.712719 0.609296
18 0.184211 0.686558 0.280702 0.729899
754 0.388158 0.675251 0.495614 0.709799
380 0.58443 0.65892 0.677632 0.693467
566 0.764254 0.647613 0.846491 0.683417
566 0.203947 0.770729 0.296053 0.802764
1 0.357456 0.76005 0.410088 0.790201
724 0.498904 0.753141 0.616228 0.792714
260 0.733553 0.741834 0.866228 0.781407
736 0.218202 0.848618 0.315789 0.879397
98 0.569079 0.844849 0.664474 0.880653
1 0.119518 0.516332 0.173246 0.551508
71 0.26864 0.506281 0.366228 0.541457
561 0.648026 0.476759 0.734649 0.512563
839 0.175439 0.112437 0.241228 0.154523
110 0.324561 0.102387 0.438596 0.130653
266 0.558114 0.094849 0.679825 0.130653
164 0.746711 0.113693 0.83114 0.146985
748 0.485746 0.170854 0.532895 0.203518
252 0.635965 0.167714 0.725877 0.197236
10 0.807018 0.178392 0.892544 0.214824
812 0.151316 0.267588 0.232456 0.310302
661 0.245614 0.257538 0.296053 0.29397
736 0.381579 0.251884 0.47807 0.286432
98 0.587719 0.238065 0.684211 0.280151
839 0.100877 0.353643 0.135965 0.398241
110 0.217105 0.342965 0.320175 0.383166
164 0.724781 0.325377 0.817982 0.369347
266 0.483553 0.340452 0.638158 0.375628
596 0.154605 0.436558 0.221491 0.478643
254 0.558114 0.412688 0.703947 0.451005
856 0.461623 0.5 0.546053 0.546482
839 0.127193 0.602387 0.184211 0.649497
110 0.298246 0.584171 0.401316 0.628141
808 0.610746 0.565955 0.712719 0.609296
18 0.184211 0.686558 0.280702 0.729899
754 0.388158 0.675251 0.495614 0.709799
380 0.58443 0.65892 0.677632 0.693467
566 0.764254 0.647613 0.846491 0.683417
566 0.203947 0.770729 0.296053 0.802764
1 0.357456 0.76005 0.410088 0.790201
724 0.498904 0.753141 0.616228 0.792714
260 0.733553 0.741834 0.866228 0.781407
736 0.218202 0.848618 0.315789 0.879397
98 0.569079 0.844849 0.664474 0.880653
1 0.119518 0.516332 0.173246 0.551508
71 0.26864 0.506281 0.366228 0.541457
561 0.648026 0.476759 0.734649 0.512563
