6 0.203835 0.360256 0.24858 0.382051
187 0.268466 0.353846 0.299716 0.376068
180 0.552557 0.347009 0.588068 0.370085
166 0.612216 0.338889 0.646307 0.362393
242 0.659801 0.339744 0.677557 0.360684
230 0.712358 0.338889 0.754261 0.359829
3 0.261364 0.397863 0.319602 0.422222
196 0.328125 0.388034 0.367898 0.413675
163 0.434659 0.394017 0.511364 0.419658
247 0.536932 0.387179 0.571023 0.415385
165 0.09233 0.491453 0.139205 0.522222
247 0.706676 0.464103 0.74858 0.488034
193 0.838068 0.459829 0.913352 0.486325
32 0.619318 0.552991 0.664773 0.576923
227 0.673295 0.560684 0.696023 0.576923
61 0.738636 0.55641 0.791193 0.575214
170 0.81108 0.549573 0.84517 0.57265
194 0.862926 0.539316 0.887784 0.563248
247 0.898438 0.54359 0.928977 0.568376
149 0.356534 0.602991 0.430398 0.62735
250 0.478693 0.595726 0.515625 0.621368
170 0.556108 0.595726 0.590909 0.616239
205 0.703835 0.592735 0.772727 0.613675
55 0.870028 0.583333 0.923295 0.604274
6 0.203835 0.360256 0.24858 0.382051
187 0.268466 0.353846 0.299716 0.376068
180 0.552557 0.347009 0.588068 0.370085
166 0.612216 0.338889 0.646307 0.362393
242 0.659801 0.339744 0.677557 0.360684
230 0.712358 0.338889 0.754261 0.359829
3 0.261364 0.397863 0.319602 0.422222
196 0.328125 0.388034 0.367898 0.413675
163 0.434659 0.394017 0.511364 0.419658
247 0.536932 0.387179 0.571023 0.415385
165 0.09233 0.491453 0.139205 0.522222
247 0.706676 0.464103 0.74858 0.488034
193 0.838068 0.459829 0.913352 0.486325
32 0.619318 0.552991 0.664773 0.576923
227 0.673295 0.560684 0.696023 0.576923
61 0.738636 0.55641 0.791193 0.575214
170 0.81108 0.549573 0.84517 0.57265
194 0.862926 0.539316 0.887784 0.563248
247 0.898438 0.54359 0.928977 0.568376
149 0.356534 0.602991 0.430398 0.62735
250 0.478693 0.595726 0.515625 0.621368
170 0.556108 0.595726 0.590909 0.616239
205 0.703835 0.592735 0.772727 0.613675
55 0.870028 0.583333 0.923295 0.604274
