859 0.869688 0.30799 0.626062 0.229381
859 0.794618 0.100086 0.572238 0.088488
859 0.651558 0.414948 0.464589 0.300687
808 0.232295 0.771478 0.186969 0.539519
839 0.859773 1.29854 0.606232 0.892612
859 1.339943 0.909794 0.929178 0.632302
484 1.300283 0.075172 0.92068 0.071306
110 0.651558 0.356959 0.518414 0.263746
110 1.036827 0.921392 0.74221 0.646907
110 0.320113 0.519759 0.263456 0.371134
110 0.825071 1.341495 0.593484 0.921821
110 1.31728 0.194158 0.926346 0.159794
110 0.191218 0.877577 0.17847 0.610825
300 1.310198 0.377148 0.926346 0.278351
248 0.786827 0.994845 0.576487 0.685567
248 0.580737 0.69201 0.467422 0.487113
248 0.232295 0.973797 0.209632 0.67268
248 0.38102 0.86555 0.31728 0.598797
111 1.031161 0.873282 0.776204 0.60567
869 1.325779 0.286512 0.917847 0.212199
839 1.184844 0.721649 0.825779 0.503436
839 0.594901 0.558849 0.433428 0.39433
839 1.194051 1.176117 0.832861 0.80756
839 0.844193 1.24012 0.594901 0.853093
839 0.305241 0.661512 0.245042 0.465636
839 1.208215 1.130155 0.852691 0.775773
839 1.17847 1.280498 0.815864 0.880584
839 0.423513 0.227234 0.334278 0.174399
839 0.748584 1.345361 0.531161 0.920962
839 0.724504 0.899055 0.545326 0.622852
839 0.910057 1.390893 0.652975 0.950172
839 0.953258 0.930412 0.668555 0.646048
839 0.927054 0.401632 0.652975 0.292955
839 0.765581 0.263746 0.567989 0.199313
839 1.137394 0.57732 0.813031 0.405498
839 0.594193 0.608247 0.426346 0.43299
839 0.648725 0.951031 0.487252 0.656357
839 0.606941 0.468643 0.434844 0.335911
839 0.615439 0.906787 0.46034 0.622852
839 1.274079 1.021907 0.879603 0.707045
753 0.681303 0.79768 0.484419 0.555842
839 0.470963 0.861254 0.349858 0.597079
839 1.266289 0.91323 0.883853 0.634021
552 0.553116 0.218643 0.449008 0.170962
552 0.310907 0.765034 0.256374 0.535223
552 0.731586 1.243557 0.550992 0.853093
552 0.839943 0.402062 0.603399 0.293814
552 0.949008 0.833333 0.674221 0.579038
552 0.424221 0.186426 0.332861 0.14433
380 0.71034 0.598797 0.576487 0.426117
661 0.937677 0.442869 0.66289 0.318729
112 0.907932 0.676546 0.66289 0.473368
167 1.160057 0.435997 0.866856 0.320447
724 1.177054 0.821306 0.818697 0.570447
110 1.316572 0.152491 0.924929 0.129725
589 0.410765 0.655928 0.342776 0.463058
498 0.975921 0.495275 0.716714 0.351375
756 0.687677 0.453179 0.522663 0.32732
127 0.815156 1.089777 0.593484 0.751718
358 0.686969 1.294244 0.507082 0.889175
358 0.946884 0.772337 0.675637 0.542955
358 0.735127 1.188144 0.566572 0.819588
85 1.129603 0.531357 0.831445 0.377148
85 0.913598 1.091495 0.671388 0.753436
14 0.751416 0.683419 0.584986 0.481959
14 0.524788 0.265464 0.423513 0.202749
14 1.053116 0.777491 0.754958 0.542955
110 0.347025 0.960481 0.300283 0.666667
10 0.645184 0.264175 0.491501 0.200172
10 0.92068 0.175258 0.70255 0.135739
10 0.315156 0.280928 0.276204 0.21134
10 0.733711 0.140464 0.575071 0.115979
118 1.15085 0.975515 0.822946 0.674399
118 0.939093 1.039089 0.688385 0.719072
118 0.550992 0.510739 0.430595 0.366838
10 0.911473 0.08634 0.701133 0.079897
10 1.254958 0.820876 0.883853 0.569588
10 1.303824 0.123282 0.924929 0.102234
10 0.73017 0.175687 0.573654 0.141753
599 1.144476 0.338918 0.830028 0.25
490 0.693343 0.850086 0.51983 0.591924
490 1.037535 0.675258 0.754958 0.472509
496 0.480878 0.610395 0.383853 0.428694
498 0.677762 1.002148 0.5 0.688144
839 1.305241 0.482818 0.896601 0.345361
248 0.597025 1.299828 0.451841 0.891753
636 1.04745 1.082474 0.752125 0.749141
808 0.610482 1.24957 0.461756 0.856529
596 1.179887 0.866409 0.835694 0.603952
596 1.03187 0.44244 0.740793 0.323024
596 1.022663 0.249141 0.745042 0.199313
589 1.295326 0.61555 0.919263 0.432131
724 1.261331 0.238402 0.873938 0.188144
589 1.274788 1.167955 0.892351 0.804983
511 0.632436 0.317869 0.516997 0.237113
326 0.826487 0.834192 0.621813 0.582474
753 1.330028 1.127577 0.946176 0.777491
859 1.284703 1.024914 0.88102 0.709622
89 0.59915 0.801117 0.441926 0.559278
754 0.803824 0.548969 0.613314 0.388316
754 0.81728 0.455326 0.614731 0.32646
754 1.237252 1.082474 0.848442 0.745704
754 0.878895 0.503007 0.633144 0.358247
754 0.401558 0.818299 0.310198 0.569588
754 1.318697 0.430842 0.926346 0.313574
548 0.482295 0.960911 0.38102 0.665808
548 0.287535 0.378007 0.254958 0.276632
570 0.893059 0.99012 0.655807 0.68299
24 0.970255 0.543385 0.728045 0.382302
24 0.457507 0.371134 0.405099 0.271478
24 1.154391 0.921392 0.844193 0.638316
24 1.058782 1.284364 0.774788 0.879725
24 0.422096 0.422251 0.362606 0.303265
24 0.795326 0.941151 0.630312 0.652062
24 0.78966 1.149055 0.633144 0.789519
24 0.950425 0.729381 0.708215 0.508591
24 0.492918 0.80799 0.382436 0.562715
24 1.026912 0.826031 0.74221 0.573024
24 0.820113 1.044244 0.606232 0.719072
379 0.891643 0.255155 0.661473 0.194158
839 1.168555 0.627148 0.824363 0.445017
380 1.315864 0.66366 0.923513 0.466495
859 1.014873 1.391753 0.709632 0.950172
859 0.399433 0.763316 0.29745 0.535223
561 0.601983 0.740979 0.464589 0.523196
561 1.249292 1.272337 0.889518 0.876289
561 1.208924 1.222938 0.879603 0.839347
561 1.237252 0.766753 0.871105 0.535223
561 0.308782 0.420103 0.263456 0.30756
566 0.558782 0.143471 0.46034 0.121993
561 1.157224 1.079897 0.818697 0.747423
561 1.29745 0.86512 0.923513 0.597938
491 0.278329 0.917526 0.247875 0.639175
89 1.15864 0.670533 0.830028 0.471649
736 0.852691 0.783935 0.614731 0.543814
464 0.488669 0.324742 0.382436 0.238832
643 0.476629 0.463488 0.398017 0.337629
464 0.444759 0.707474 0.356941 0.495704
736 0.679887 1.355241 0.492918 0.928694
252 1.06728 1.332904 0.760623 0.911512
380 0.817989 1.394759 0.596317 0.952749
812 1.15864 0.245275 0.827195 0.188144
812 0.731586 0.745275 0.536827 0.523196
118 1.026912 0.296821 0.76204 0.227663
136 0.682011 0.501718 0.528329 0.364261
10 0.11898 0.780928 0.107649 0.549828
260 0.964589 0.587629 0.733711 0.415808
578 0.90864 1.338488 0.63881 0.919244
580 1.093484 1.222079 0.779037 0.841065
580 1.273371 0.328179 0.912181 0.243986
580 0.831445 0.725945 0.600567 0.512027
756 0.684136 0.549828 0.515581 0.390034
808 0.766997 0.406787 0.553824 0.294674
172 0.833569 0.639175 0.650142 0.448454
127 0.752833 0.789948 0.550992 0.552405
889 1.046034 1.031787 0.763456 0.716495
89 1.15085 0.774055 0.808782 0.541237
560 0.134561 0.972509 0.133144 0.67354
632 0.424221 0.262027 0.327195 0.204467
567 0.822946 0.353093 0.626062 0.25945
99 1.092068 1.176117 0.784703 0.809278
562 0.884561 0.121564 0.633144 0.112543
578 0.8017 0.497423 0.569405 0.35567
580 1.128895 0.383162 0.790368 0.283505
89 0.59136 0.850945 0.437677 0.591924
89 1.084278 0.72122 0.769122 0.504296
86 1.18272 1.329038 0.872521 0.910653
89 1.016997 1.139175 0.773371 0.781787
86 1.180595 1.024485 0.854108 0.707045
89 1.196176 0.292955 0.879603 0.218213
89 0.427054 0.911942 0.352691 0.631443
73 0.185552 0.82732 0.192635 0.57732
464 0.537535 0.908505 0.42068 0.626289
184 1.016289 0.987113 0.749292 0.680412
223 0.939802 1.290808 0.67847 0.884021
223 0.320822 0.569588 0.276204 0.405498
246 0.328612 0.712199 0.283286 0.5
246 0.356232 0.329038 0.304533 0.243986
246 0.333569 0.475086 0.290368 0.341924
262 1.03187 0.62543 0.763456 0.443299
262 0.947592 1.228093 0.705382 0.844502
262 1.01983 0.390034 0.736544 0.286942
172 1.233003 0.484536 0.859773 0.343643
326 0.93272 0.206186 0.740793 0.16323
496 1.206799 0.164089 0.866856 0.130584
89 0.732295 1.044244 0.535411 0.722509
724 1.254249 0.572595 0.910765 0.406357
437 0.572238 0.411082 0.444759 0.29811
380 1.259915 0.718213 0.873938 0.503436
724 1.259915 0.527062 0.879603 0.37543
258 0.478754 0.756014 0.368272 0.52921
258 0.425637 0.519759 0.349858 0.367698
644 0.859065 0.884021 0.652975 0.613402
644 1.113314 0.486254 0.815864 0.345361
71 0.997167 0.127148 0.745042 0.108247
889 0.947592 1.183419 0.711048 0.813574
24 1.333569 0.959192 0.939093 0.664089
64 0.145184 0.927835 0.165722 0.64433
112 0.592068 0.103093 0.498584 0.087629
1 0.555949 0.179983 0.449008 0.136598
661 0.723088 0.210052 0.528329 0.165808
825 1.211048 0.250859 0.827195 0.183849
110 1.330028 0.241838 0.926346 0.186426
839 0.703966 0.410223 0.498584 0.301546
561 1.208924 0.376289 0.851275 0.283505
380 1.351983 0.48067 0.927762 0.34622
643 0.466006 0.55756 0.390935 0.402062
110 1.34136 0.531357 0.929178 0.378866
64 0.32153 0.614261 0.29745 0.43299
839 1.245751 0.668385 0.862606 0.469072
856 0.169263 0.77878 0.137394 0.547251
260 1.331445 0.713488 0.929178 0.500859
248 0.219547 0.719072 0.195467 0.506873
1 0.11119 0.832904 0.103399 0.57646
10 0.317989 0.818299 0.259207 0.573024
24 1.331445 0.765464 0.932011 0.537801
496 0.11898 0.884021 0.11898 0.616838
486 0.28966 0.868127 0.239377 0.609107
839 0.533286 0.859107 0.389518 0.597938
1 1.122521 0.822165 0.771955 0.570447
859 0.57932 0.957045 0.422096 0.666667
89 1.25 0.966065 0.876771 0.670962
118 0.645892 1.044674 0.475921 0.728522
9 1.34136 1.012027 0.943343 0.699313
31 1.303116 1.069588 0.929178 0.745704
839 0.79745 1.29811 0.563739 0.890034
869 0.968839 1.339347 0.68272 0.915808
859 0.869688 0.30799 0.626062 0.229381
859 0.794618 0.100086 0.572238 0.088488
859 0.651558 0.414948 0.464589 0.300687
808 0.232295 0.771478 0.186969 0.539519
839 0.859773 1.29854 0.606232 0.892612
859 1.339943 0.909794 0.929178 0.632302
484 1.300283 0.075172 0.92068 0.071306
110 0.651558 0.356959 0.518414 0.263746
110 1.036827 0.921392 0.74221 0.646907
110 0.320113 0.519759 0.263456 0.371134
110 0.825071 1.341495 0.593484 0.921821
110 1.31728 0.194158 0.926346 0.159794
110 0.191218 0.877577 0.17847 0.610825
300 1.310198 0.377148 0.926346 0.278351
248 0.786827 0.994845 0.576487 0.685567
248 0.580737 0.69201 0.467422 0.487113
248 0.232295 0.973797 0.209632 0.67268
248 0.38102 0.86555 0.31728 0.598797
111 1.031161 0.873282 0.776204 0.60567
869 1.325779 0.286512 0.917847 0.212199
839 1.184844 0.721649 0.825779 0.503436
839 0.594901 0.558849 0.433428 0.39433
839 1.194051 1.176117 0.832861 0.80756
839 0.844193 1.24012 0.594901 0.853093
839 0.305241 0.661512 0.245042 0.465636
839 1.208215 1.130155 0.852691 0.775773
839 1.17847 1.280498 0.815864 0.880584
839 0.423513 0.227234 0.334278 0.174399
839 0.748584 1.345361 0.531161 0.920962
839 0.724504 0.899055 0.545326 0.622852
839 0.910057 1.390893 0.652975 0.950172
839 0.953258 0.930412 0.668555 0.646048
839 0.927054 0.401632 0.652975 0.292955
839 0.765581 0.263746 0.567989 0.199313
839 1.137394 0.57732 0.813031 0.405498
839 0.594193 0.608247 0.426346 0.43299
839 0.648725 0.951031 0.487252 0.656357
839 0.606941 0.468643 0.434844 0.335911
839 0.615439 0.906787 0.46034 0.622852
839 1.274079 1.021907 0.879603 0.707045
753 0.681303 0.79768 0.484419 0.555842
839 0.470963 0.861254 0.349858 0.597079
839 1.266289 0.91323 0.883853 0.634021
552 0.553116 0.218643 0.449008 0.170962
552 0.310907 0.765034 0.256374 0.535223
552 0.731586 1.243557 0.550992 0.853093
552 0.839943 0.402062 0.603399 0.293814
552 0.949008 0.833333 0.674221 0.579038
552 0.424221 0.186426 0.332861 0.14433
380 0.71034 0.598797 0.576487 0.426117
661 0.937677 0.442869 0.66289 0.318729
112 0.907932 0.676546 0.66289 0.473368
167 1.160057 0.435997 0.866856 0.320447
724 1.177054 0.821306 0.818697 0.570447
110 1.316572 0.152491 0.924929 0.129725
589 0.410765 0.655928 0.342776 0.463058
498 0.975921 0.495275 0.716714 0.351375
756 0.687677 0.453179 0.522663 0.32732
127 0.815156 1.089777 0.593484 0.751718
358 0.686969 1.294244 0.507082 0.889175
358 0.946884 0.772337 0.675637 0.542955
358 0.735127 1.188144 0.566572 0.819588
85 1.129603 0.531357 0.831445 0.377148
85 0.913598 1.091495 0.671388 0.753436
14 0.751416 0.683419 0.584986 0.481959
14 0.524788 0.265464 0.423513 0.202749
14 1.053116 0.777491 0.754958 0.542955
110 0.347025 0.960481 0.300283 0.666667
10 0.645184 0.264175 0.491501 0.200172
10 0.92068 0.175258 0.70255 0.135739
10 0.315156 0.280928 0.276204 0.21134
10 0.733711 0.140464 0.575071 0.115979
118 1.15085 0.975515 0.822946 0.674399
118 0.939093 1.039089 0.688385 0.719072
118 0.550992 0.510739 0.430595 0.366838
10 0.911473 0.08634 0.701133 0.079897
10 1.254958 0.820876 0.883853 0.569588
10 1.303824 0.123282 0.924929 0.102234
10 0.73017 0.175687 0.573654 0.141753
599 1.144476 0.338918 0.830028 0.25
490 0.693343 0.850086 0.51983 0.591924
490 1.037535 0.675258 0.754958 0.472509
496 0.480878 0.610395 0.383853 0.428694
498 0.677762 1.002148 0.5 0.688144
839 1.305241 0.482818 0.896601 0.345361
248 0.597025 1.299828 0.451841 0.891753
636 1.04745 1.082474 0.752125 0.749141
808 0.610482 1.24957 0.461756 0.856529
596 1.179887 0.866409 0.835694 0.603952
596 1.03187 0.44244 0.740793 0.323024
596 1.022663 0.249141 0.745042 0.199313
589 1.295326 0.61555 0.919263 0.432131
724 1.261331 0.238402 0.873938 0.188144
589 1.274788 1.167955 0.892351 0.804983
511 0.632436 0.317869 0.516997 0.237113
326 0.826487 0.834192 0.621813 0.582474
753 1.330028 1.127577 0.946176 0.777491
859 1.284703 1.024914 0.88102 0.709622
89 0.59915 0.801117 0.441926 0.559278
754 0.803824 0.548969 0.613314 0.388316
754 0.81728 0.455326 0.614731 0.32646
754 1.237252 1.082474 0.848442 0.745704
754 0.878895 0.503007 0.633144 0.358247
754 0.401558 0.818299 0.310198 0.569588
754 1.318697 0.430842 0.926346 0.313574
548 0.482295 0.960911 0.38102 0.665808
548 0.287535 0.378007 0.254958 0.276632
570 0.893059 0.99012 0.655807 0.68299
24 0.970255 0.543385 0.728045 0.382302
24 0.457507 0.371134 0.405099 0.271478
24 1.154391 0.921392 0.844193 0.638316
24 1.058782 1.284364 0.774788 0.879725
24 0.422096 0.422251 0.362606 0.303265
24 0.795326 0.941151 0.630312 0.652062
24 0.78966 1.149055 0.633144 0.789519
24 0.950425 0.729381 0.708215 0.508591
24 0.492918 0.80799 0.382436 0.562715
24 1.026912 0.826031 0.74221 0.573024
24 0.820113 1.044244 0.606232 0.719072
379 0.891643 0.255155 0.661473 0.194158
839 1.168555 0.627148 0.824363 0.445017
380 1.315864 0.66366 0.923513 0.466495
859 1.014873 1.391753 0.709632 0.950172
859 0.399433 0.763316 0.29745 0.535223
561 0.601983 0.740979 0.464589 0.523196
561 1.249292 1.272337 0.889518 0.876289
561 1.208924 1.222938 0.879603 0.839347
561 1.237252 0.766753 0.871105 0.535223
561 0.308782 0.420103 0.263456 0.30756
566 0.558782 0.143471 0.46034 0.121993
561 1.157224 1.079897 0.818697 0.747423
561 1.29745 0.86512 0.923513 0.597938
491 0.278329 0.917526 0.247875 0.639175
89 1.15864 0.670533 0.830028 0.471649
736 0.852691 0.783935 0.614731 0.543814
464 0.488669 0.324742 0.382436 0.238832
643 0.476629 0.463488 0.398017 0.337629
464 0.444759 0.707474 0.356941 0.495704
736 0.679887 1.355241 0.492918 0.928694
252 1.06728 1.332904 0.760623 0.911512
380 0.817989 1.394759 0.596317 0.952749
812 1.15864 0.245275 0.827195 0.188144
812 0.731586 0.745275 0.536827 0.523196
118 1.026912 0.296821 0.76204 0.227663
136 0.682011 0.501718 0.528329 0.364261
10 0.11898 0.780928 0.107649 0.549828
260 0.964589 0.587629 0.733711 0.415808
578 0.90864 1.338488 0.63881 0.919244
580 1.093484 1.222079 0.779037 0.841065
580 1.273371 0.328179 0.912181 0.243986
580 0.831445 0.725945 0.600567 0.512027
756 0.684136 0.549828 0.515581 0.390034
808 0.766997 0.406787 0.553824 0.294674
172 0.833569 0.639175 0.650142 0.448454
127 0.752833 0.789948 0.550992 0.552405
889 1.046034 1.031787 0.763456 0.716495
89 1.15085 0.774055 0.808782 0.541237
560 0.134561 0.972509 0.133144 0.67354
632 0.424221 0.262027 0.327195 0.204467
567 0.822946 0.353093 0.626062 0.25945
99 1.092068 1.176117 0.784703 0.809278
562 0.884561 0.121564 0.633144 0.112543
578 0.8017 0.497423 0.569405 0.35567
580 1.128895 0.383162 0.790368 0.283505
89 0.59136 0.850945 0.437677 0.591924
89 1.084278 0.72122 0.769122 0.504296
86 1.18272 1.329038 0.872521 0.910653
89 1.016997 1.139175 0.773371 0.781787
86 1.180595 1.024485 0.854108 0.707045
89 1.196176 0.292955 0.879603 0.218213
89 0.427054 0.911942 0.352691 0.631443
73 0.185552 0.82732 0.192635 0.57732
464 0.537535 0.908505 0.42068 0.626289
184 1.016289 0.987113 0.749292 0.680412
223 0.939802 1.290808 0.67847 0.884021
223 0.320822 0.569588 0.276204 0.405498
246 0.328612 0.712199 0.283286 0.5
246 0.356232 0.329038 0.304533 0.243986
246 0.333569 0.475086 0.290368 0.341924
262 1.03187 0.62543 0.763456 0.443299
262 0.947592 1.228093 0.705382 0.844502
262 1.01983 0.390034 0.736544 0.286942
172 1.233003 0.484536 0.859773 0.343643
326 0.93272 0.206186 0.740793 0.16323
496 1.206799 0.164089 0.866856 0.130584
89 0.732295 1.044244 0.535411 0.722509
724 1.254249 0.572595 0.910765 0.406357
437 0.572238 0.411082 0.444759 0.29811
380 1.259915 0.718213 0.873938 0.503436
724 1.259915 0.527062 0.879603 0.37543
258 0.478754 0.756014 0.368272 0.52921
258 0.425637 0.519759 0.349858 0.367698
644 0.859065 0.884021 0.652975 0.613402
644 1.113314 0.486254 0.815864 0.345361
71 0.997167 0.127148 0.745042 0.108247
889 0.947592 1.183419 0.711048 0.813574
24 1.333569 0.959192 0.939093 0.664089
64 0.145184 0.927835 0.165722 0.64433
112 0.592068 0.103093 0.498584 0.087629
1 0.555949 0.179983 0.449008 0.136598
661 0.723088 0.210052 0.528329 0.165808
825 1.211048 0.250859 0.827195 0.183849
110 1.330028 0.241838 0.926346 0.186426
839 0.703966 0.410223 0.498584 0.301546
561 1.208924 0.376289 0.851275 0.283505
380 1.351983 0.48067 0.927762 0.34622
643 0.466006 0.55756 0.390935 0.402062
110 1.34136 0.531357 0.929178 0.378866
64 0.32153 0.614261 0.29745 0.43299
839 1.245751 0.668385 0.862606 0.469072
856 0.169263 0.77878 0.137394 0.547251
260 1.331445 0.713488 0.929178 0.500859
248 0.219547 0.719072 0.195467 0.506873
1 0.11119 0.832904 0.103399 0.57646
10 0.317989 0.818299 0.259207 0.573024
24 1.331445 0.765464 0.932011 0.537801
496 0.11898 0.884021 0.11898 0.616838
486 0.28966 0.868127 0.239377 0.609107
839 0.533286 0.859107 0.389518 0.597938
1 1.122521 0.822165 0.771955 0.570447
859 0.57932 0.957045 0.422096 0.666667
89 1.25 0.966065 0.876771 0.670962
118 0.645892 1.044674 0.475921 0.728522
9 1.34136 1.012027 0.943343 0.699313
31 1.303116 1.069588 0.929178 0.745704
839 0.79745 1.29811 0.563739 0.890034
869 0.968839 1.339347 0.68272 0.915808
