247 0.167546 0.137255 0.209763 0.19457
37 0.253298 0.115385 0.315303 0.162896
6 0.364776 0.121418 0.42876 0.171946
9 0.462401 0.112368 0.521108 0.164404
165 0.587731 0.094268 0.649077 0.140271
21 0.716359 0.100302 0.78496 0.143288
240 0.153034 0.241327 0.234828 0.300151
248 0.263852 0.231523 0.304749 0.298643
247 0.342348 0.218703 0.379947 0.282051
247 0.415567 0.213424 0.453826 0.279035
85 0.524406 0.187029 0.604222 0.254902
248 0.647757 0.193062 0.69657 0.254902
247 0.746702 0.184012 0.787599 0.244344
6 0.145119 0.344646 0.204485 0.395173
255 0.257916 0.329563 0.33905 0.381599
131 0.365435 0.311463 0.42876 0.366516
247 0.453826 0.306184 0.490765 0.368024
34 0.53628 0.300151 0.601583 0.366516
231 0.622032 0.297134 0.676781 0.363499
26 0.730211 0.284314 0.795515 0.340875
100 0.147757 0.444947 0.205805 0.493213
26 0.263193 0.433635 0.335092 0.497738
222 0.380607 0.417044 0.440633 0.476621
35 0.496702 0.405732 0.57124 0.463047
98 0.613456 0.400452 0.682058 0.46003
69 0.738786 0.399698 0.806069 0.455505
165 0.134565 0.536953 0.19657 0.594268
227 0.222955 0.53092 0.251979 0.58371
0 0.261214 0.534691 0.283641 0.564103
59 0.325198 0.533937 0.375989 0.588235
31 0.417546 0.512821 0.470976 0.564103
0 0.523087 0.50905 0.572559 0.542986
210 0.619393 0.506033 0.659631 0.555053
170 0.689314 0.5 0.734828 0.556561
0 0.742084 0.506033 0.758575 0.535445
59 0.795515 0.514329 0.837731 0.58371
6 0.159631 0.643288 0.209763 0.695324
255 0.25066 0.634992 0.316623 0.695324
243 0.361478 0.63273 0.420844 0.687783
9 0.494723 0.61086 0.565963 0.677225
194 0.581135 0.60181 0.612137 0.6546
58 0.684037 0.606335 0.755937 0.666667
247 0.113456 0.751885 0.145119 0.812971
247 0.184697 0.748869 0.217678 0.812971
116 0.28628 0.736048 0.35752 0.782805
252 0.399077 0.729261 0.437995 0.782805
0 0.496042 0.736048 0.529024 0.761689
222 0.585092 0.733032 0.64248 0.793363
83 0.707784 0.71267 0.782322 0.772247
0 0.117414 0.840875 0.156992 0.874811
138 0.233509 0.841629 0.306069 0.894419
158 0.381926 0.837858 0.467018 0.894419
101 0.567942 0.824284 0.680739 0.880845
134 0.773747 0.813725 0.849604 0.868778
247 0.167546 0.137255 0.209763 0.19457
37 0.253298 0.115385 0.315303 0.162896
6 0.364776 0.121418 0.42876 0.171946
9 0.462401 0.112368 0.521108 0.164404
165 0.587731 0.094268 0.649077 0.140271
21 0.716359 0.100302 0.78496 0.143288
240 0.153034 0.241327 0.234828 0.300151
248 0.263852 0.231523 0.304749 0.298643
247 0.342348 0.218703 0.379947 0.282051
247 0.415567 0.213424 0.453826 0.279035
85 0.524406 0.187029 0.604222 0.254902
248 0.647757 0.193062 0.69657 0.254902
247 0.746702 0.184012 0.787599 0.244344
6 0.145119 0.344646 0.204485 0.395173
255 0.257916 0.329563 0.33905 0.381599
131 0.365435 0.311463 0.42876 0.366516
247 0.453826 0.306184 0.490765 0.368024
34 0.53628 0.300151 0.601583 0.366516
231 0.622032 0.297134 0.676781 0.363499
26 0.730211 0.284314 0.795515 0.340875
100 0.147757 0.444947 0.205805 0.493213
26 0.263193 0.433635 0.335092 0.497738
222 0.380607 0.417044 0.440633 0.476621
35 0.496702 0.405732 0.57124 0.463047
98 0.613456 0.400452 0.682058 0.46003
69 0.738786 0.399698 0.806069 0.455505
165 0.134565 0.536953 0.19657 0.594268
227 0.222955 0.53092 0.251979 0.58371
0 0.261214 0.534691 0.283641 0.564103
59 0.325198 0.533937 0.375989 0.588235
31 0.417546 0.512821 0.470976 0.564103
0 0.523087 0.50905 0.572559 0.542986
210 0.619393 0.506033 0.659631 0.555053
170 0.689314 0.5 0.734828 0.556561
0 0.742084 0.506033 0.758575 0.535445
59 0.795515 0.514329 0.837731 0.58371
6 0.159631 0.643288 0.209763 0.695324
255 0.25066 0.634992 0.316623 0.695324
243 0.361478 0.63273 0.420844 0.687783
9 0.494723 0.61086 0.565963 0.677225
194 0.581135 0.60181 0.612137 0.6546
58 0.684037 0.606335 0.755937 0.666667
247 0.113456 0.751885 0.145119 0.812971
247 0.184697 0.748869 0.217678 0.812971
116 0.28628 0.736048 0.35752 0.782805
252 0.399077 0.729261 0.437995 0.782805
0 0.496042 0.736048 0.529024 0.761689
222 0.585092 0.733032 0.64248 0.793363
83 0.707784 0.71267 0.782322 0.772247
0 0.117414 0.840875 0.156992 0.874811
138 0.233509 0.841629 0.306069 0.894419
158 0.381926 0.837858 0.467018 0.894419
101 0.567942 0.824284 0.680739 0.880845
134 0.773747 0.813725 0.849604 0.868778
