490 0.211694 0.373668 0.270161 0.321157
514 0.185484 0.534247 0.241935 0.444444
92 0.422043 0.538052 0.379032 0.439878
514 0.176747 0.712329 0.229839 0.557078
92 0.389785 0.703196 0.344086 0.563166
566 0.578629 0.710046 0.479839 0.549467
380 0.153226 0.895738 0.163978 0.674277
136 0.329973 0.910198 0.323925 0.687976
111 0.531586 0.891933 0.439516 0.681887
828 0.705645 0.898782 0.556452 0.680365
380 0.894489 0.885845 0.694892 0.687976
887 0.388441 1.074581 0.395161 0.797565
484 0.65457 1.064688 0.534946 0.796043
720 0.913306 1.056317 0.735215 0.797565
89 1.144489 1.060883 0.850806 0.782344
10 0.240591 1.242009 0.225806 0.913242
596 0.354167 1.238204 0.31586 0.920852
724 0.481183 1.238965 0.379032 0.916286
110 0.603495 1.239726 0.473118 0.914764
661 0.988575 1.231355 0.700269 0.885845
839 1.068548 1.223744 0.758065 0.882801
490 1.215054 1.234399 0.895161 0.894977
490 0.211694 0.373668 0.270161 0.321157
514 0.185484 0.534247 0.241935 0.444444
92 0.422043 0.538052 0.379032 0.439878
514 0.176747 0.712329 0.229839 0.557078
92 0.389785 0.703196 0.344086 0.563166
566 0.578629 0.710046 0.479839 0.549467
380 0.153226 0.895738 0.163978 0.674277
136 0.329973 0.910198 0.323925 0.687976
111 0.531586 0.891933 0.439516 0.681887
828 0.705645 0.898782 0.556452 0.680365
380 0.894489 0.885845 0.694892 0.687976
887 0.388441 1.074581 0.395161 0.797565
484 0.65457 1.064688 0.534946 0.796043
720 0.913306 1.056317 0.735215 0.797565
89 1.144489 1.060883 0.850806 0.782344
10 0.240591 1.242009 0.225806 0.913242
596 0.354167 1.238204 0.31586 0.920852
724 0.481183 1.238965 0.379032 0.916286
110 0.603495 1.239726 0.473118 0.914764
661 0.988575 1.231355 0.700269 0.885845
839 1.068548 1.223744 0.758065 0.882801
490 1.215054 1.234399 0.895161 0.894977
