247 0.167847 0.124207 0.22238 0.171351
34 0.298159 0.104714 0.379603 0.143246
93 0.51204 0.096555 0.651558 0.146872
61 0.735836 0.102448 0.815864 0.151405
11 0.207507 0.208976 0.307365 0.259293
14 0.394476 0.203083 0.505666 0.260199
227 0.553116 0.200816 0.601983 0.25204
194 0.271955 0.300091 0.324363 0.338169
32 0.745751 0.269266 0.875354 0.320943
221 0.463881 0.289665 0.606232 0.335449
6 0.666431 0.19447 0.729462 0.237534
126 0.79745 0.189483 0.879603 0.224841
238 0.171388 0.30553 0.256374 0.351768
34 0.293909 0.383953 0.386686 0.435177
93 0.538952 0.374433 0.692635 0.425204
61 0.767705 0.354034 0.849858 0.397099
247 0.574363 0.468722 0.647309 0.514053
195 0.347734 0.469628 0.491501 0.517679
181 0.866147 0.446963 0.953258 0.486854
248 0.703966 0.461922 0.763456 0.509519
165 0.206799 0.56437 0.307365 0.605621
170 0.371105 0.562103 0.444759 0.603808
10 0.58711 0.559383 0.705382 0.604714
165 0.218839 0.648685 0.32153 0.690843
93 0.483003 0.650952 0.63881 0.697189
37 0.711756 0.641886 0.784703 0.679964
115 0.263456 0.742974 0.375354 0.788758
247 0.691218 0.737987 0.752125 0.782412
247 0.241501 0.827289 0.310198 0.87126
83 0.514873 0.821396 0.648725 0.862194
128 0.463881 0.918858 0.565156 0.963735
249 0.76983 0.548051 0.835694 0.594742
247 0.167847 0.124207 0.22238 0.171351
34 0.298159 0.104714 0.379603 0.143246
93 0.51204 0.096555 0.651558 0.146872
61 0.735836 0.102448 0.815864 0.151405
11 0.207507 0.208976 0.307365 0.259293
14 0.394476 0.203083 0.505666 0.260199
227 0.553116 0.200816 0.601983 0.25204
194 0.271955 0.300091 0.324363 0.338169
32 0.745751 0.269266 0.875354 0.320943
221 0.463881 0.289665 0.606232 0.335449
6 0.666431 0.19447 0.729462 0.237534
126 0.79745 0.189483 0.879603 0.224841
238 0.171388 0.30553 0.256374 0.351768
34 0.293909 0.383953 0.386686 0.435177
93 0.538952 0.374433 0.692635 0.425204
61 0.767705 0.354034 0.849858 0.397099
247 0.574363 0.468722 0.647309 0.514053
195 0.347734 0.469628 0.491501 0.517679
181 0.866147 0.446963 0.953258 0.486854
248 0.703966 0.461922 0.763456 0.509519
165 0.206799 0.56437 0.307365 0.605621
170 0.371105 0.562103 0.444759 0.603808
10 0.58711 0.559383 0.705382 0.604714
165 0.218839 0.648685 0.32153 0.690843
93 0.483003 0.650952 0.63881 0.697189
37 0.711756 0.641886 0.784703 0.679964
115 0.263456 0.742974 0.375354 0.788758
247 0.691218 0.737987 0.752125 0.782412
247 0.241501 0.827289 0.310198 0.87126
83 0.514873 0.821396 0.648725 0.862194
128 0.463881 0.918858 0.565156 0.963735
249 0.76983 0.548051 0.835694 0.594742
