578 0.603399 0.094942 0.660057 0.135759
754 0.859065 0.133097 0.907932 0.175688
566 0.248584 0.105146 0.352691 0.144632
353 0.45255 0.100266 0.562323 0.143744
748 0.163598 0.177462 0.186969 0.203194
748 0.201133 0.172582 0.223796 0.198758
748 0.248584 0.16992 0.276204 0.194321
490 0.425637 0.181455 0.556657 0.221828
139 0.713173 0.185448 0.866856 0.222715
808 0.422096 0.259982 0.51983 0.303461
748 0.153683 0.34339 0.191218 0.384206
753 0.280453 0.345164 0.351275 0.388642
661 0.379603 0.347382 0.422096 0.380657
661 0.444051 0.343833 0.48017 0.379769
353 0.63881 0.350932 0.774788 0.393966
754 0.848442 0.348713 0.930595 0.386868
661 0.132436 0.411713 0.15864 0.433895
661 0.182011 0.409051 0.206799 0.429459
661 0.227337 0.408163 0.249292 0.425022
661 0.156516 0.450311 0.186969 0.470275
661 0.208215 0.442325 0.232295 0.464064
661 0.25779 0.443656 0.287535 0.465839
14 0.76983 0.439663 0.854108 0.473824
223 0.609065 0.448536 0.691218 0.493345
119 0.676346 0.25732 0.825779 0.301686
754 0.469547 0.540816 0.543909 0.582964
89 0.634561 0.539042 0.728045 0.582076
1 0.179887 0.615794 0.25779 0.645963
580 0.367564 0.621118 0.473088 0.65661
661 0.727337 0.626886 0.769122 0.655723
839 0.824363 0.636202 0.868272 0.676131
612 0.325071 0.5315 0.393768 0.581189
86 0.567989 0.625998 0.67847 0.670807
612 0.353399 0.702307 0.430595 0.740905
754 0.568697 0.71118 0.711048 0.747116
753 0.285411 0.799911 0.358357 0.838509
252 0.441926 0.810115 0.516997 0.843833
110 0.63102 0.812777 0.74221 0.856256
589 0.378187 0.89441 0.471671 0.933452
511 0.728754 0.115794 0.814448 0.163265
566 0.225212 0.246229 0.32153 0.291038
309 0.805949 0.539485 0.878187 0.580302
578 0.603399 0.094942 0.660057 0.135759
754 0.859065 0.133097 0.907932 0.175688
566 0.248584 0.105146 0.352691 0.144632
353 0.45255 0.100266 0.562323 0.143744
748 0.163598 0.177462 0.186969 0.203194
748 0.201133 0.172582 0.223796 0.198758
748 0.248584 0.16992 0.276204 0.194321
490 0.425637 0.181455 0.556657 0.221828
139 0.713173 0.185448 0.866856 0.222715
808 0.422096 0.259982 0.51983 0.303461
748 0.153683 0.34339 0.191218 0.384206
753 0.280453 0.345164 0.351275 0.388642
661 0.379603 0.347382 0.422096 0.380657
661 0.444051 0.343833 0.48017 0.379769
353 0.63881 0.350932 0.774788 0.393966
754 0.848442 0.348713 0.930595 0.386868
661 0.132436 0.411713 0.15864 0.433895
661 0.182011 0.409051 0.206799 0.429459
661 0.227337 0.408163 0.249292 0.425022
661 0.156516 0.450311 0.186969 0.470275
661 0.208215 0.442325 0.232295 0.464064
661 0.25779 0.443656 0.287535 0.465839
14 0.76983 0.439663 0.854108 0.473824
223 0.609065 0.448536 0.691218 0.493345
119 0.676346 0.25732 0.825779 0.301686
754 0.469547 0.540816 0.543909 0.582964
89 0.634561 0.539042 0.728045 0.582076
1 0.179887 0.615794 0.25779 0.645963
580 0.367564 0.621118 0.473088 0.65661
661 0.727337 0.626886 0.769122 0.655723
839 0.824363 0.636202 0.868272 0.676131
612 0.325071 0.5315 0.393768 0.581189
86 0.567989 0.625998 0.67847 0.670807
612 0.353399 0.702307 0.430595 0.740905
754 0.568697 0.71118 0.711048 0.747116
753 0.285411 0.799911 0.358357 0.838509
252 0.441926 0.810115 0.516997 0.843833
110 0.63102 0.812777 0.74221 0.856256
589 0.378187 0.89441 0.471671 0.933452
511 0.728754 0.115794 0.814448 0.163265
566 0.225212 0.246229 0.32153 0.291038
309 0.805949 0.539485 0.878187 0.580302
