170 0.133817 0.213483 0.182573 0.256554
180 0.236515 0.22191 0.302905 0.2603
157 0.373444 0.235955 0.452282 0.273408
247 0.51556 0.247191 0.560166 0.282772
34 0.605809 0.254682 0.672199 0.29588
247 0.146266 0.301498 0.192946 0.338951
131 0.267635 0.303371 0.358921 0.338951
193 0.411826 0.308989 0.502075 0.35206
157 0.570539 0.321161 0.647303 0.355805
248 0.144191 0.371723 0.184647 0.410112
161 0.261411 0.377341 0.340249 0.411985
113 0.443983 0.379213 0.553942 0.411985
134 0.637967 0.383895 0.724066 0.417603
6 0.219917 0.435393 0.334025 0.470037
129 0.415975 0.435393 0.508299 0.468165
69 0.593361 0.441948 0.676349 0.475655
157 0.747925 0.442884 0.825726 0.479401
134 0.182573 0.498127 0.261411 0.531835
149 0.189834 0.564607 0.278008 0.604869
0 0.547718 0.564607 0.607884 0.599251
0 0.144191 0.626404 0.182573 0.659176
157 0.235477 0.627341 0.29668 0.662921
149 0.78527 0.632959 0.875519 0.670412
248 0.14834 0.696629 0.20332 0.735955
247 0.570539 0.688202 0.626556 0.720974
157 0.854772 0.695693 0.912863 0.730337
149 0.180498 0.758427 0.263485 0.794007
0 0.494813 0.758427 0.53527 0.792135
247 0.133817 0.821161 0.174274 0.857678
247 0.215768 0.822097 0.26556 0.853933
2 0.386929 0.561798 0.502075 0.593633
116 0.658714 0.561798 0.717842 0.599251
156 0.344398 0.628277 0.400415 0.662921
70 0.462656 0.627341 0.53527 0.659176
14 0.610996 0.631086 0.69917 0.666667
55 0.790456 0.562734 0.869295 0.597378
253 0.309129 0.494382 0.363071 0.537453
26 0.456432 0.499064 0.556017 0.533708
6 0.618257 0.501873 0.686722 0.535581
115 0.743776 0.504682 0.802905 0.537453
222 0.258299 0.694757 0.334025 0.730337
108 0.41805 0.689139 0.508299 0.726592
42 0.306017 0.757491 0.358921 0.794007
42 0.411826 0.758427 0.466805 0.794007
3 0.705394 0.69382 0.792531 0.730337
222 0.574689 0.756554 0.624481 0.792135
141 0.879668 0.756554 0.935685 0.792135
131 0.671162 0.761236 0.728216 0.799625
221 0.771784 0.764981 0.83195 0.805243
247 0.131743 0.882959 0.172199 0.913858
193 0.25 0.879213 0.329876 0.913858
162 0.328838 0.814607 0.400415 0.848315
170 0.133817 0.213483 0.182573 0.256554
180 0.236515 0.22191 0.302905 0.2603
157 0.373444 0.235955 0.452282 0.273408
247 0.51556 0.247191 0.560166 0.282772
34 0.605809 0.254682 0.672199 0.29588
247 0.146266 0.301498 0.192946 0.338951
131 0.267635 0.303371 0.358921 0.338951
193 0.411826 0.308989 0.502075 0.35206
157 0.570539 0.321161 0.647303 0.355805
248 0.144191 0.371723 0.184647 0.410112
161 0.261411 0.377341 0.340249 0.411985
113 0.443983 0.379213 0.553942 0.411985
134 0.637967 0.383895 0.724066 0.417603
6 0.219917 0.435393 0.334025 0.470037
129 0.415975 0.435393 0.508299 0.468165
69 0.593361 0.441948 0.676349 0.475655
157 0.747925 0.442884 0.825726 0.479401
134 0.182573 0.498127 0.261411 0.531835
149 0.189834 0.564607 0.278008 0.604869
0 0.547718 0.564607 0.607884 0.599251
0 0.144191 0.626404 0.182573 0.659176
157 0.235477 0.627341 0.29668 0.662921
149 0.78527 0.632959 0.875519 0.670412
248 0.14834 0.696629 0.20332 0.735955
247 0.570539 0.688202 0.626556 0.720974
157 0.854772 0.695693 0.912863 0.730337
149 0.180498 0.758427 0.263485 0.794007
0 0.494813 0.758427 0.53527 0.792135
247 0.133817 0.821161 0.174274 0.857678
247 0.215768 0.822097 0.26556 0.853933
2 0.386929 0.561798 0.502075 0.593633
116 0.658714 0.561798 0.717842 0.599251
156 0.344398 0.628277 0.400415 0.662921
70 0.462656 0.627341 0.53527 0.659176
14 0.610996 0.631086 0.69917 0.666667
55 0.790456 0.562734 0.869295 0.597378
253 0.309129 0.494382 0.363071 0.537453
26 0.456432 0.499064 0.556017 0.533708
6 0.618257 0.501873 0.686722 0.535581
115 0.743776 0.504682 0.802905 0.537453
222 0.258299 0.694757 0.334025 0.730337
108 0.41805 0.689139 0.508299 0.726592
42 0.306017 0.757491 0.358921 0.794007
42 0.411826 0.758427 0.466805 0.794007
3 0.705394 0.69382 0.792531 0.730337
222 0.574689 0.756554 0.624481 0.792135
141 0.879668 0.756554 0.935685 0.792135
131 0.671162 0.761236 0.728216 0.799625
221 0.771784 0.764981 0.83195 0.805243
247 0.131743 0.882959 0.172199 0.913858
193 0.25 0.879213 0.329876 0.913858
162 0.328838 0.814607 0.400415 0.848315
