839 0.175159 0.65879 0.220807 0.705104
110 0.292994 0.654064 0.375796 0.705104
495 0.558386 0.775992 0.658174 0.818526
548 0.66242 0.478261 0.745223 0.519849
1 0.181529 0.500945 0.227176 0.536862
242 0.318471 0.50189 0.409766 0.542533
754 0.492569 0.502836 0.579618 0.548204
248 0.47983 0.640832 0.583864 0.680529
483 0.700637 0.637996 0.81741 0.676749
10 0.565817 0.327977 0.624204 0.374291
380 0.205945 0.34121 0.265393 0.393195
737 0.195329 0.800567 0.267516 0.850662
496 0.36518 0.789225 0.460722 0.829868
127 0.66242 0.321361 0.728238 0.362949
839 0.175159 0.65879 0.220807 0.705104
110 0.292994 0.654064 0.375796 0.705104
495 0.558386 0.775992 0.658174 0.818526
548 0.66242 0.478261 0.745223 0.519849
1 0.181529 0.500945 0.227176 0.536862
242 0.318471 0.50189 0.409766 0.542533
754 0.492569 0.502836 0.579618 0.548204
248 0.47983 0.640832 0.583864 0.680529
483 0.700637 0.637996 0.81741 0.676749
10 0.565817 0.327977 0.624204 0.374291
380 0.205945 0.34121 0.265393 0.393195
737 0.195329 0.800567 0.267516 0.850662
496 0.36518 0.789225 0.460722 0.829868
127 0.66242 0.321361 0.728238 0.362949
