567 0.861305 0.925389 0.899937 0.940273
98 0.734801 0.919627 0.778341 0.932399
362 0.621913 0.916651 0.684611 0.929326
252 0.513933 0.919723 0.553832 0.93067
357 0.376662 0.918667 0.41482 0.93067
753 0.313806 0.918187 0.340089 0.93163
98 0.258866 0.92126 0.288157 0.933743
836 0.195535 0.924333 0.226726 0.936816
753 0.917669 0.850106 0.936352 0.865374
238 0.877296 0.85942 0.90247 0.874208
98 0.824889 0.858556 0.851805 0.871903
495 0.774699 0.861821 0.80019 0.873824
754 0.728151 0.86086 0.750792 0.874016
164 0.684452 0.864893 0.708043 0.877473
437 0.634421 0.864509 0.658961 0.877281
292 0.590405 0.866334 0.612413 0.877857
579 0.549715 0.861341 0.569981 0.873824
10 0.521058 0.864029 0.546865 0.876512
661 0.478467 0.860572 0.49145 0.872671
127 0.436352 0.861052 0.475301 0.875744
10 0.395028 0.864029 0.421153 0.876896
358 0.337397 0.861437 0.364471 0.875168
641 0.273749 0.864221 0.311273 0.877089
691 0.199335 0.863933 0.243192 0.882274
118 0.881254 0.793451 0.905953 0.808143
869 0.845947 0.793067 0.867321 0.806606
678 0.794174 0.800845 0.822989 0.814673
495 0.7462 0.800269 0.778024 0.813904
120 0.689994 0.801901 0.716276 0.816209
120 0.63917 0.802285 0.665294 0.815057
380 0.590564 0.803726 0.613046 0.816977
807 0.542274 0.804302 0.569664 0.817361
98 0.487809 0.80363 0.518683 0.818129
490 0.426219 0.805358 0.460735 0.818706
14 0.36463 0.808143 0.395187 0.821778
10 0.30874 0.808431 0.341039 0.822547
748 0.269791 0.809103 0.291324 0.824083
255 0.209468 0.810447 0.251425 0.82658
682 0.827581 0.740638 0.879037 0.756674
113 0.669569 0.743134 0.70171 0.757442
238 0.569031 0.74928 0.621279 0.76666
358 0.482584 0.746495 0.515199 0.764548
110 0.414661 0.746111 0.451552 0.764164
10 0.337397 0.750048 0.378404 0.76474
748 0.270583 0.750624 0.291957 0.765124
567 0.211843 0.749856 0.248575 0.767236
350 0.842305 0.688592 0.883154 0.704628
596 0.784041 0.691569 0.803673 0.708469
10 0.73575 0.69445 0.772641 0.710774
14 0.671786 0.694834 0.712476 0.710198
541 0.565548 0.69637 0.61368 0.710582
686 0.440627 0.697427 0.488284 0.711734
358 0.369538 0.695506 0.397087 0.709814
511 0.301615 0.698195 0.344522 0.711926
732 0.214218 0.70386 0.259341 0.721145
24 0.865896 0.606011 0.902787 0.620127
589 0.762825 0.609276 0.79734 0.622623
112 0.693635 0.609948 0.733059 0.622431
112 0.604338 0.612925 0.648195 0.624928
724 0.530399 0.614653 0.563015 0.626272
552 0.477517 0.612925 0.506016 0.626848
883 0.418303 0.610908 0.451868 0.625312
631 0.320456 0.612829 0.343889 0.628193
589 0.277707 0.614077 0.31349 0.628001
705 0.192685 0.619263 0.240342 0.635107
514 0.128562 0.621183 0.159911 0.636643
748 0.087714 0.622047 0.10133 0.637219
552 0.922419 0.567025 0.938252 0.584982
821 0.852597 0.580853 0.90722 0.598041
708 0.783249 0.587478 0.798607 0.598233
748 0.775649 0.586326 0.79259 0.598809
24 0.736225 0.588631 0.763775 0.60265
708 0.693002 0.587286 0.709943 0.599193
511 0.662128 0.588151 0.693794 0.602842
490 0.609405 0.589591 0.635529 0.602842
132 0.559056 0.586134 0.58708 0.599193
636 0.501425 0.585558 0.535149 0.601498
313 0.447277 0.58623 0.491134 0.601882
589 0.382204 0.585942 0.405953 0.600922
705 0.31254 0.586326 0.362888 0.60265
514 0.243667 0.5918 0.274541 0.606107
748 0.202185 0.594488 0.215009 0.608412
552 0.168778 0.593528 0.191894 0.606875
112 0.130621 0.59372 0.148195 0.607259
498 0.099272 0.594488 0.122229 0.608028
631 0.869854 0.554926 0.887904 0.567697
631 0.835339 0.557615 0.854972 0.570578
110 0.79069 0.560303 0.826472 0.573651
143 0.728467 0.566449 0.757758 0.581909
380 0.681919 0.561552 0.70551 0.575379
661 0.639962 0.561456 0.655478 0.573843
170 0.607188 0.562032 0.649145 0.576147
1 0.54069 0.560399 0.567448 0.573651
139 0.476884 0.56088 0.513933 0.574227
883 0.416719 0.557807 0.446168 0.572307
661 0.381096 0.557711 0.39202 0.568466
381 0.353547 0.561168 0.377771 0.577108
129 0.310323 0.564529 0.330906 0.576916
10 0.278657 0.563568 0.300507 0.576724
362 0.227201 0.565201 0.268208 0.580949
358 0.166244 0.568177 0.189994 0.582101
379 0.123654 0.568562 0.144395 0.582293
379 0.090247 0.570002 0.10893 0.583829
498 0.879037 0.528231 0.908803 0.541579
589 0.80304 0.527943 0.834389 0.542155
112 0.745092 0.528807 0.773908 0.540618
120 0.683186 0.531304 0.719759 0.544267
120 0.616213 0.531784 0.647245 0.544459
748 0.568398 0.531208 0.586764 0.543115
869 0.520741 0.528711 0.544332 0.541387
221 0.471818 0.528231 0.509816 0.542731
552 0.406428 0.529672 0.435085 0.543499
883 0.352438 0.527943 0.380621 0.541195
14 0.293224 0.531016 0.332172 0.544843
111 0.219284 0.535625 0.254275 0.549261
248 0.159595 0.53793 0.192527 0.550797
10 0.108455 0.538122 0.134262 0.549453
733 0.877296 0.503265 0.917669 0.518341
750 0.819348 0.505761 0.839455 0.516228
839 0.784991 0.50749 0.80114 0.519685
851 0.753483 0.506434 0.765991 0.519301
856 0.725459 0.50797 0.740659 0.521798
733 0.675902 0.508642 0.712476 0.519877
184 0.622704 0.508354 0.652312 0.521221
511 0.563648 0.505569 0.594364 0.518533
411 0.505066 0.502977 0.534199 0.518341
266 0.449968 0.504321 0.478151 0.518341
10 0.40627 0.506338 0.431919 0.519493
351 0.363205 0.505185 0.401203 0.521221
464 0.30779 0.506626 0.326789 0.520069
750 0.270583 0.507202 0.292907 0.52199
589 0.230526 0.50701 0.252692 0.522566
552 0.200127 0.511811 0.222926 0.525639
24 0.155478 0.512963 0.183027 0.526023
24 0.108138 0.513828 0.137112 0.526791
839 0.880779 0.473785 0.899303 0.486268
856 0.83993 0.477146 0.858455 0.489725
636 0.772799 0.474938 0.81159 0.487229
736 0.70551 0.476282 0.742559 0.488573
589 0.642179 0.47609 0.670678 0.488957
89 0.586764 0.476954 0.623179 0.489341
552 0.483217 0.471865 0.517733 0.4855
494 0.416244 0.473209 0.449652 0.485308
598 0.349905 0.471577 0.383787 0.48454
825 0.270741 0.473689 0.294807 0.486653
10 0.224509 0.476186 0.254592 0.489341
357 0.167036 0.475034 0.202027 0.490494
380 0.113046 0.47801 0.133946 0.493566
313 0.897403 0.447571 0.931286 0.463415
498 0.839139 0.451604 0.857821 0.463991
387 0.796865 0.450835 0.821089 0.463223
589 0.75285 0.450931 0.773908 0.464375
561 0.705668 0.450451 0.738759 0.464759
501 0.651045 0.452564 0.677011 0.466679
98 0.602755 0.450835 0.626029 0.464759
134 0.551773 0.45218 0.580747 0.467448
248 0.496675 0.449491 0.530399 0.46207
313 0.433027 0.447763 0.468968 0.46207
731 0.359721 0.449395 0.401837 0.463607
641 0.298448 0.446898 0.331539 0.462454
812 0.255858 0.449491 0.284991 0.463607
80 0.203293 0.449587 0.233376 0.463607
596 0.162603 0.448723 0.177961 0.463031
10 0.140279 0.451316 0.161811 0.464183
140 0.095155 0.451796 0.120963 0.468408
737 0.880462 0.423084 0.912286 0.437104
504 0.766149 0.421644 0.813806 0.436336
110 0.674953 0.421932 0.714376 0.436528
112 0.446327 0.420972 0.475934 0.434991
869 0.398353 0.422988 0.422103 0.435952
753 0.36178 0.423084 0.396453 0.435375
567 0.30019 0.42222 0.329639 0.436336
558 0.221976 0.42318 0.254275 0.43672
140 0.156903 0.424909 0.191894 0.439601
748 0.106713 0.426157 0.123179 0.438448
223 0.872863 0.399558 0.899937 0.412138
839 0.766783 0.400711 0.784041 0.413866
856 0.732267 0.399654 0.748258 0.411753
808 0.414345 0.400519 0.445852 0.412906
358 0.35038 0.397062 0.378721 0.412138
561 0.279132 0.397062 0.320139 0.411753
725 0.177802 0.39831 0.237492 0.412906
98 0.098163 0.400134 0.122863 0.414634
808 0.883629 0.376512 0.911336 0.390052
748 0.840722 0.376032 0.850222 0.386403
596 0.721184 0.374112 0.751742 0.386019
695 0.653895 0.373248 0.692527 0.389476
10 0.584864 0.377953 0.614313 0.391588
661 0.531032 0.374592 0.550982 0.388515
839 0.493192 0.374784 0.516466 0.386979
495 0.441102 0.37488 0.474668 0.388323
10 0.377929 0.37488 0.40912 0.388323
859 0.330114 0.373632 0.352122 0.387939
142 0.227042 0.372479 0.260608 0.386019
753 0.170519 0.375936 0.197593 0.387747
483 0.120646 0.375744 0.153262 0.388515
164 0.886004 0.347897 0.916719 0.361437
753 0.824256 0.351354 0.847688 0.36547
631 0.771374 0.348857 0.792907 0.362781
514 0.733217 0.347897 0.767574 0.361821
79 0.661811 0.349722 0.70076 0.36547
10 0.610355 0.350682 0.638379 0.364317
737 0.550507 0.348761 0.581064 0.363741
164 0.489075 0.349433 0.526916 0.364125
10 0.451077 0.349145 0.482901 0.362781
839 0.34563 0.3454 0.366688 0.360668
507 0.296865 0.347033 0.330906 0.362013
815 0.237017 0.349145 0.264725 0.361821
514 0.186035 0.35049 0.210576 0.365085
498 0.137429 0.351066 0.164028 0.364125
387 0.098638 0.351834 0.123813 0.367006
511 0.880462 0.323123 0.915136 0.337238
484 0.699493 0.324371 0.739075 0.336278
297 0.602438 0.323891 0.646295 0.337238
248 0.515674 0.323027 0.558898 0.334742
498 0.451552 0.323507 0.482584 0.337046
591 0.323464 0.322451 0.350538 0.334166
466 0.2576 0.324659 0.308423 0.337046
661 0.187619 0.323315 0.205826 0.33551
591 0.15342 0.325523 0.183661 0.338775
498 0.112571 0.32754 0.136162 0.341079
498 0.884737 0.29662 0.90912 0.308431
350 0.668303 0.299501 0.71216 0.312272
501 0.582172 0.298732 0.611146 0.310928
98 0.522008 0.298829 0.549715 0.311888
134 0.458043 0.297772 0.493667 0.310543
248 0.331697 0.298156 0.367954 0.310928
737 0.265358 0.299501 0.29924 0.312464
248 0.154845 0.301133 0.190944 0.314192
10 0.096897 0.305934 0.120646 0.318418
248 0.89012 0.271654 0.918619 0.283849
98 0.831697 0.274054 0.858455 0.286153
580 0.782774 0.27223 0.80779 0.284809
148 0.733534 0.276167 0.764725 0.288266
560 0.672261 0.27319 0.711843 0.286921
750 0.613838 0.274342 0.632996 0.286729
289 0.558423 0.273766 0.594047 0.287306
248 0.499208 0.27367 0.532299 0.286729
98 0.436669 0.269925 0.463901 0.284041
561 0.374288 0.272422 0.41292 0.286345
140 0.302407 0.27271 0.334706 0.287114
560 0.232109 0.271558 0.275491 0.285769
750 0.158011 0.276839 0.190627 0.28865
289 0.099747 0.281352 0.130462 0.295948
248 0.88822 0.248224 0.918619 0.260419
98 0.825364 0.247743 0.852122 0.259843
356 0.733692 0.247935 0.791324 0.261187
750 0.636479 0.248704 0.672578 0.262147
289 0.553832 0.247263 0.598163 0.260995
248 0.301615 0.247455 0.342622 0.261187
98 0.230051 0.247455 0.260608 0.260611
724 0.177011 0.25168 0.207093 0.26426
750 0.14582 0.25072 0.166561 0.263876
289 0.095155 0.253409 0.128562 0.268101
828 0.891229 0.22537 0.919253 0.237373
86 0.836764 0.224601 0.869538 0.238333
24 0.771374 0.223641 0.812223 0.235836
737 0.700918 0.224601 0.733059 0.238717
504 0.647403 0.222777 0.676377 0.238141
748 0.616529 0.224025 0.636162 0.237181
485 0.563331 0.221913 0.602597 0.234684
258 0.494934 0.22729 0.528182 0.242942
552 0.443952 0.224409 0.479417 0.238909
690 0.374288 0.221817 0.413553 0.238525
859 0.326156 0.221145 0.352755 0.234492
142 0.263933 0.223929 0.298607 0.237373
548 0.200918 0.226522 0.234326 0.239293
110 0.14677 0.227386 0.183977 0.240061
839 0.094047 0.228058 0.111463 0.240446
354 0.892337 0.201268 0.926219 0.213943
313 0.796232 0.199347 0.855921 0.214903
507 0.688885 0.196082 0.729576 0.209334
808 0.612255 0.200307 0.643762 0.213367
15 0.541324 0.199155 0.586764 0.211446
491 0.455351 0.199155 0.494617 0.211638
839 0.401678 0.202132 0.418936 0.214327
110 0.320298 0.200307 0.362255 0.213367
350 0.243034 0.201364 0.285624 0.213367
808 0.177169 0.202708 0.205826 0.215479
92 0.127454 0.20242 0.153895 0.216439
737 0.084389 0.206261 0.10988 0.219896
24 0.891545 0.175725 0.924319 0.188208
807 0.824414 0.176205 0.853072 0.188016
579 0.756808 0.173324 0.780241 0.185327
636 0.667828 0.174861 0.735275 0.187248
16 0.566181 0.176109 0.604497 0.18648
490 0.485434 0.177453 0.527549 0.190513
24 0.376504 0.176301 0.423053 0.188784
567 0.283249 0.178702 0.318556 0.190321
5 0.188885 0.177261 0.227992 0.191281
248 0.11178 0.17995 0.150095 0.193586
223 0.889487 0.154696 0.913553 0.164778
491 0.821248 0.153735 0.855605 0.167851
140 0.742084 0.152679 0.773908 0.166699
15 0.632521 0.152871 0.679544 0.164394
701 0.531982 0.152391 0.577264 0.165162
223 0.384421 0.154119 0.424319 0.163626
552 0.315389 0.156424 0.345155 0.167851
691 0.241609 0.153255 0.285624 0.16593
15 0.157536 0.154696 0.20266 0.166891
567 0.09183 0.157864 0.118429 0.171692
635 0.894554 0.132418 0.927802 0.146726
24 0.710418 0.130785 0.747308 0.14154
139 0.645028 0.13165 0.671311 0.141732
252 0.59468 0.133282 0.620013 0.143269
737 0.530716 0.130978 0.566181 0.142308
498 0.474668 0.131842 0.50095 0.1425
142 0.427802 0.132322 0.453452 0.141732
181 0.378721 0.131458 0.40342 0.142116
252 0.329956 0.132514 0.355605 0.144421
596 0.289899 0.131362 0.321723 0.142693
238 0.237809 0.132514 0.274224 0.144421
178 0.16197 0.132418 0.203927 0.143077
580 0.100697 0.13261 0.124446 0.142693
812 0.823939 0.106971 0.852122 0.11907
86 0.756333 0.106395 0.793857 0.11811
15 0.670678 0.10822 0.711526 0.11811
298 0.595947 0.108604 0.625396 0.119647
350 0.522324 0.108508 0.562065 0.120799
113 0.459626 0.108796 0.484484 0.120031
350 0.392179 0.108988 0.431602 0.119647
113 0.329322 0.109468 0.352122 0.121183
750 0.281032 0.108604 0.30779 0.118494
289 0.214535 0.109084 0.253008 0.120799
750 0.157853 0.108028 0.180177 0.119263
289 0.101805 0.108892 0.137112 0.121759
859 0.901203 0.081333 0.913553 0.092376
548 0.873496 0.080373 0.889804 0.091607
110 0.840564 0.081429 0.862888 0.093144
490 0.801932 0.08527 0.822989 0.096025
118 0.762191 0.083925 0.782774 0.092952
839 0.733692 0.083157 0.747308 0.09276
552 0.704877 0.084406 0.720709 0.094104
357 0.667669 0.08767 0.689044 0.098905
380 0.631254 0.086998 0.647245 0.096793
552 0.596263 0.087094 0.616213 0.098713
112 0.55589 0.087478 0.575997 0.097561
184 0.505383 0.08767 0.538315 0.098713
724 0.451393 0.087286 0.477201 0.097753
380 0.410545 0.085366 0.431602 0.096217
644 0.358296 0.084982 0.389804 0.09468
15 0.306048 0.08767 0.336922 0.099097
1 0.266466 0.086326 0.278657 0.096217
859 0.237967 0.086422 0.257125 0.097945
869 0.204085 0.082869 0.220709 0.092184
221 0.172261 0.081141 0.19031 0.093144
552 0.138695 0.083349 0.160545 0.095064
883 0.095313 0.081237 0.119063 0.094104
14 0.903737 0.058383 0.933502 0.069714
14 0.836447 0.058095 0.878721 0.071634
552 0.682077 0.065105 0.714693 0.075667
500 0.617163 0.066257 0.646612 0.078164
501 0.547498 0.068562 0.578531 0.0797
89 0.458835 0.067697 0.495567 0.077972
138 0.392179 0.066833 0.422736 0.077396
24 0.317764 0.064529 0.353705 0.076051
514 0.250158 0.064336 0.280241 0.075091
16 0.194744 0.063472 0.224193 0.073747
567 0.861305 0.925389 0.899937 0.940273
98 0.734801 0.919627 0.778341 0.932399
362 0.621913 0.916651 0.684611 0.929326
252 0.513933 0.919723 0.553832 0.93067
357 0.376662 0.918667 0.41482 0.93067
753 0.313806 0.918187 0.340089 0.93163
98 0.258866 0.92126 0.288157 0.933743
836 0.195535 0.924333 0.226726 0.936816
753 0.917669 0.850106 0.936352 0.865374
238 0.877296 0.85942 0.90247 0.874208
98 0.824889 0.858556 0.851805 0.871903
495 0.774699 0.861821 0.80019 0.873824
754 0.728151 0.86086 0.750792 0.874016
164 0.684452 0.864893 0.708043 0.877473
437 0.634421 0.864509 0.658961 0.877281
292 0.590405 0.866334 0.612413 0.877857
579 0.549715 0.861341 0.569981 0.873824
10 0.521058 0.864029 0.546865 0.876512
661 0.478467 0.860572 0.49145 0.872671
127 0.436352 0.861052 0.475301 0.875744
10 0.395028 0.864029 0.421153 0.876896
358 0.337397 0.861437 0.364471 0.875168
641 0.273749 0.864221 0.311273 0.877089
691 0.199335 0.863933 0.243192 0.882274
118 0.881254 0.793451 0.905953 0.808143
869 0.845947 0.793067 0.867321 0.806606
678 0.794174 0.800845 0.822989 0.814673
495 0.7462 0.800269 0.778024 0.813904
120 0.689994 0.801901 0.716276 0.816209
120 0.63917 0.802285 0.665294 0.815057
380 0.590564 0.803726 0.613046 0.816977
807 0.542274 0.804302 0.569664 0.817361
98 0.487809 0.80363 0.518683 0.818129
490 0.426219 0.805358 0.460735 0.818706
14 0.36463 0.808143 0.395187 0.821778
10 0.30874 0.808431 0.341039 0.822547
748 0.269791 0.809103 0.291324 0.824083
255 0.209468 0.810447 0.251425 0.82658
682 0.827581 0.740638 0.879037 0.756674
113 0.669569 0.743134 0.70171 0.757442
238 0.569031 0.74928 0.621279 0.76666
358 0.482584 0.746495 0.515199 0.764548
110 0.414661 0.746111 0.451552 0.764164
10 0.337397 0.750048 0.378404 0.76474
748 0.270583 0.750624 0.291957 0.765124
567 0.211843 0.749856 0.248575 0.767236
350 0.842305 0.688592 0.883154 0.704628
596 0.784041 0.691569 0.803673 0.708469
10 0.73575 0.69445 0.772641 0.710774
14 0.671786 0.694834 0.712476 0.710198
541 0.565548 0.69637 0.61368 0.710582
686 0.440627 0.697427 0.488284 0.711734
358 0.369538 0.695506 0.397087 0.709814
511 0.301615 0.698195 0.344522 0.711926
732 0.214218 0.70386 0.259341 0.721145
24 0.865896 0.606011 0.902787 0.620127
589 0.762825 0.609276 0.79734 0.622623
112 0.693635 0.609948 0.733059 0.622431
112 0.604338 0.612925 0.648195 0.624928
724 0.530399 0.614653 0.563015 0.626272
552 0.477517 0.612925 0.506016 0.626848
883 0.418303 0.610908 0.451868 0.625312
631 0.320456 0.612829 0.343889 0.628193
589 0.277707 0.614077 0.31349 0.628001
705 0.192685 0.619263 0.240342 0.635107
514 0.128562 0.621183 0.159911 0.636643
748 0.087714 0.622047 0.10133 0.637219
552 0.922419 0.567025 0.938252 0.584982
821 0.852597 0.580853 0.90722 0.598041
708 0.783249 0.587478 0.798607 0.598233
748 0.775649 0.586326 0.79259 0.598809
24 0.736225 0.588631 0.763775 0.60265
708 0.693002 0.587286 0.709943 0.599193
511 0.662128 0.588151 0.693794 0.602842
490 0.609405 0.589591 0.635529 0.602842
132 0.559056 0.586134 0.58708 0.599193
636 0.501425 0.585558 0.535149 0.601498
313 0.447277 0.58623 0.491134 0.601882
589 0.382204 0.585942 0.405953 0.600922
705 0.31254 0.586326 0.362888 0.60265
514 0.243667 0.5918 0.274541 0.606107
748 0.202185 0.594488 0.215009 0.608412
552 0.168778 0.593528 0.191894 0.606875
112 0.130621 0.59372 0.148195 0.607259
498 0.099272 0.594488 0.122229 0.608028
631 0.869854 0.554926 0.887904 0.567697
631 0.835339 0.557615 0.854972 0.570578
110 0.79069 0.560303 0.826472 0.573651
143 0.728467 0.566449 0.757758 0.581909
380 0.681919 0.561552 0.70551 0.575379
661 0.639962 0.561456 0.655478 0.573843
170 0.607188 0.562032 0.649145 0.576147
1 0.54069 0.560399 0.567448 0.573651
139 0.476884 0.56088 0.513933 0.574227
883 0.416719 0.557807 0.446168 0.572307
661 0.381096 0.557711 0.39202 0.568466
381 0.353547 0.561168 0.377771 0.577108
129 0.310323 0.564529 0.330906 0.576916
10 0.278657 0.563568 0.300507 0.576724
362 0.227201 0.565201 0.268208 0.580949
358 0.166244 0.568177 0.189994 0.582101
379 0.123654 0.568562 0.144395 0.582293
379 0.090247 0.570002 0.10893 0.583829
498 0.879037 0.528231 0.908803 0.541579
589 0.80304 0.527943 0.834389 0.542155
112 0.745092 0.528807 0.773908 0.540618
120 0.683186 0.531304 0.719759 0.544267
120 0.616213 0.531784 0.647245 0.544459
748 0.568398 0.531208 0.586764 0.543115
869 0.520741 0.528711 0.544332 0.541387
221 0.471818 0.528231 0.509816 0.542731
552 0.406428 0.529672 0.435085 0.543499
883 0.352438 0.527943 0.380621 0.541195
14 0.293224 0.531016 0.332172 0.544843
111 0.219284 0.535625 0.254275 0.549261
248 0.159595 0.53793 0.192527 0.550797
10 0.108455 0.538122 0.134262 0.549453
733 0.877296 0.503265 0.917669 0.518341
750 0.819348 0.505761 0.839455 0.516228
839 0.784991 0.50749 0.80114 0.519685
851 0.753483 0.506434 0.765991 0.519301
856 0.725459 0.50797 0.740659 0.521798
733 0.675902 0.508642 0.712476 0.519877
184 0.622704 0.508354 0.652312 0.521221
511 0.563648 0.505569 0.594364 0.518533
411 0.505066 0.502977 0.534199 0.518341
266 0.449968 0.504321 0.478151 0.518341
10 0.40627 0.506338 0.431919 0.519493
351 0.363205 0.505185 0.401203 0.521221
464 0.30779 0.506626 0.326789 0.520069
750 0.270583 0.507202 0.292907 0.52199
589 0.230526 0.50701 0.252692 0.522566
552 0.200127 0.511811 0.222926 0.525639
24 0.155478 0.512963 0.183027 0.526023
24 0.108138 0.513828 0.137112 0.526791
839 0.880779 0.473785 0.899303 0.486268
856 0.83993 0.477146 0.858455 0.489725
636 0.772799 0.474938 0.81159 0.487229
736 0.70551 0.476282 0.742559 0.488573
589 0.642179 0.47609 0.670678 0.488957
89 0.586764 0.476954 0.623179 0.489341
552 0.483217 0.471865 0.517733 0.4855
494 0.416244 0.473209 0.449652 0.485308
598 0.349905 0.471577 0.383787 0.48454
825 0.270741 0.473689 0.294807 0.486653
10 0.224509 0.476186 0.254592 0.489341
357 0.167036 0.475034 0.202027 0.490494
380 0.113046 0.47801 0.133946 0.493566
313 0.897403 0.447571 0.931286 0.463415
498 0.839139 0.451604 0.857821 0.463991
387 0.796865 0.450835 0.821089 0.463223
589 0.75285 0.450931 0.773908 0.464375
561 0.705668 0.450451 0.738759 0.464759
501 0.651045 0.452564 0.677011 0.466679
98 0.602755 0.450835 0.626029 0.464759
134 0.551773 0.45218 0.580747 0.467448
248 0.496675 0.449491 0.530399 0.46207
313 0.433027 0.447763 0.468968 0.46207
731 0.359721 0.449395 0.401837 0.463607
641 0.298448 0.446898 0.331539 0.462454
812 0.255858 0.449491 0.284991 0.463607
80 0.203293 0.449587 0.233376 0.463607
596 0.162603 0.448723 0.177961 0.463031
10 0.140279 0.451316 0.161811 0.464183
140 0.095155 0.451796 0.120963 0.468408
737 0.880462 0.423084 0.912286 0.437104
504 0.766149 0.421644 0.813806 0.436336
110 0.674953 0.421932 0.714376 0.436528
112 0.446327 0.420972 0.475934 0.434991
869 0.398353 0.422988 0.422103 0.435952
753 0.36178 0.423084 0.396453 0.435375
567 0.30019 0.42222 0.329639 0.436336
558 0.221976 0.42318 0.254275 0.43672
140 0.156903 0.424909 0.191894 0.439601
748 0.106713 0.426157 0.123179 0.438448
223 0.872863 0.399558 0.899937 0.412138
839 0.766783 0.400711 0.784041 0.413866
856 0.732267 0.399654 0.748258 0.411753
808 0.414345 0.400519 0.445852 0.412906
358 0.35038 0.397062 0.378721 0.412138
561 0.279132 0.397062 0.320139 0.411753
725 0.177802 0.39831 0.237492 0.412906
98 0.098163 0.400134 0.122863 0.414634
808 0.883629 0.376512 0.911336 0.390052
748 0.840722 0.376032 0.850222 0.386403
596 0.721184 0.374112 0.751742 0.386019
695 0.653895 0.373248 0.692527 0.389476
10 0.584864 0.377953 0.614313 0.391588
661 0.531032 0.374592 0.550982 0.388515
839 0.493192 0.374784 0.516466 0.386979
495 0.441102 0.37488 0.474668 0.388323
10 0.377929 0.37488 0.40912 0.388323
859 0.330114 0.373632 0.352122 0.387939
142 0.227042 0.372479 0.260608 0.386019
753 0.170519 0.375936 0.197593 0.387747
483 0.120646 0.375744 0.153262 0.388515
164 0.886004 0.347897 0.916719 0.361437
753 0.824256 0.351354 0.847688 0.36547
631 0.771374 0.348857 0.792907 0.362781
514 0.733217 0.347897 0.767574 0.361821
79 0.661811 0.349722 0.70076 0.36547
10 0.610355 0.350682 0.638379 0.364317
737 0.550507 0.348761 0.581064 0.363741
164 0.489075 0.349433 0.526916 0.364125
10 0.451077 0.349145 0.482901 0.362781
839 0.34563 0.3454 0.366688 0.360668
507 0.296865 0.347033 0.330906 0.362013
815 0.237017 0.349145 0.264725 0.361821
514 0.186035 0.35049 0.210576 0.365085
498 0.137429 0.351066 0.164028 0.364125
387 0.098638 0.351834 0.123813 0.367006
511 0.880462 0.323123 0.915136 0.337238
484 0.699493 0.324371 0.739075 0.336278
297 0.602438 0.323891 0.646295 0.337238
248 0.515674 0.323027 0.558898 0.334742
498 0.451552 0.323507 0.482584 0.337046
591 0.323464 0.322451 0.350538 0.334166
466 0.2576 0.324659 0.308423 0.337046
661 0.187619 0.323315 0.205826 0.33551
591 0.15342 0.325523 0.183661 0.338775
498 0.112571 0.32754 0.136162 0.341079
498 0.884737 0.29662 0.90912 0.308431
350 0.668303 0.299501 0.71216 0.312272
501 0.582172 0.298732 0.611146 0.310928
98 0.522008 0.298829 0.549715 0.311888
134 0.458043 0.297772 0.493667 0.310543
248 0.331697 0.298156 0.367954 0.310928
737 0.265358 0.299501 0.29924 0.312464
248 0.154845 0.301133 0.190944 0.314192
10 0.096897 0.305934 0.120646 0.318418
248 0.89012 0.271654 0.918619 0.283849
98 0.831697 0.274054 0.858455 0.286153
580 0.782774 0.27223 0.80779 0.284809
148 0.733534 0.276167 0.764725 0.288266
560 0.672261 0.27319 0.711843 0.286921
750 0.613838 0.274342 0.632996 0.286729
289 0.558423 0.273766 0.594047 0.287306
248 0.499208 0.27367 0.532299 0.286729
98 0.436669 0.269925 0.463901 0.284041
561 0.374288 0.272422 0.41292 0.286345
140 0.302407 0.27271 0.334706 0.287114
560 0.232109 0.271558 0.275491 0.285769
750 0.158011 0.276839 0.190627 0.28865
289 0.099747 0.281352 0.130462 0.295948
248 0.88822 0.248224 0.918619 0.260419
98 0.825364 0.247743 0.852122 0.259843
356 0.733692 0.247935 0.791324 0.261187
750 0.636479 0.248704 0.672578 0.262147
289 0.553832 0.247263 0.598163 0.260995
248 0.301615 0.247455 0.342622 0.261187
98 0.230051 0.247455 0.260608 0.260611
724 0.177011 0.25168 0.207093 0.26426
750 0.14582 0.25072 0.166561 0.263876
289 0.095155 0.253409 0.128562 0.268101
828 0.891229 0.22537 0.919253 0.237373
86 0.836764 0.224601 0.869538 0.238333
24 0.771374 0.223641 0.812223 0.235836
737 0.700918 0.224601 0.733059 0.238717
504 0.647403 0.222777 0.676377 0.238141
748 0.616529 0.224025 0.636162 0.237181
485 0.563331 0.221913 0.602597 0.234684
258 0.494934 0.22729 0.528182 0.242942
552 0.443952 0.224409 0.479417 0.238909
690 0.374288 0.221817 0.413553 0.238525
859 0.326156 0.221145 0.352755 0.234492
142 0.263933 0.223929 0.298607 0.237373
548 0.200918 0.226522 0.234326 0.239293
110 0.14677 0.227386 0.183977 0.240061
839 0.094047 0.228058 0.111463 0.240446
354 0.892337 0.201268 0.926219 0.213943
313 0.796232 0.199347 0.855921 0.214903
507 0.688885 0.196082 0.729576 0.209334
808 0.612255 0.200307 0.643762 0.213367
15 0.541324 0.199155 0.586764 0.211446
491 0.455351 0.199155 0.494617 0.211638
839 0.401678 0.202132 0.418936 0.214327
110 0.320298 0.200307 0.362255 0.213367
350 0.243034 0.201364 0.285624 0.213367
808 0.177169 0.202708 0.205826 0.215479
92 0.127454 0.20242 0.153895 0.216439
737 0.084389 0.206261 0.10988 0.219896
24 0.891545 0.175725 0.924319 0.188208
807 0.824414 0.176205 0.853072 0.188016
579 0.756808 0.173324 0.780241 0.185327
636 0.667828 0.174861 0.735275 0.187248
16 0.566181 0.176109 0.604497 0.18648
490 0.485434 0.177453 0.527549 0.190513
24 0.376504 0.176301 0.423053 0.188784
567 0.283249 0.178702 0.318556 0.190321
5 0.188885 0.177261 0.227992 0.191281
248 0.11178 0.17995 0.150095 0.193586
223 0.889487 0.154696 0.913553 0.164778
491 0.821248 0.153735 0.855605 0.167851
140 0.742084 0.152679 0.773908 0.166699
15 0.632521 0.152871 0.679544 0.164394
701 0.531982 0.152391 0.577264 0.165162
223 0.384421 0.154119 0.424319 0.163626
552 0.315389 0.156424 0.345155 0.167851
691 0.241609 0.153255 0.285624 0.16593
15 0.157536 0.154696 0.20266 0.166891
567 0.09183 0.157864 0.118429 0.171692
635 0.894554 0.132418 0.927802 0.146726
24 0.710418 0.130785 0.747308 0.14154
139 0.645028 0.13165 0.671311 0.141732
252 0.59468 0.133282 0.620013 0.143269
737 0.530716 0.130978 0.566181 0.142308
498 0.474668 0.131842 0.50095 0.1425
142 0.427802 0.132322 0.453452 0.141732
181 0.378721 0.131458 0.40342 0.142116
252 0.329956 0.132514 0.355605 0.144421
596 0.289899 0.131362 0.321723 0.142693
238 0.237809 0.132514 0.274224 0.144421
178 0.16197 0.132418 0.203927 0.143077
580 0.100697 0.13261 0.124446 0.142693
812 0.823939 0.106971 0.852122 0.11907
86 0.756333 0.106395 0.793857 0.11811
15 0.670678 0.10822 0.711526 0.11811
298 0.595947 0.108604 0.625396 0.119647
350 0.522324 0.108508 0.562065 0.120799
113 0.459626 0.108796 0.484484 0.120031
350 0.392179 0.108988 0.431602 0.119647
113 0.329322 0.109468 0.352122 0.121183
750 0.281032 0.108604 0.30779 0.118494
289 0.214535 0.109084 0.253008 0.120799
750 0.157853 0.108028 0.180177 0.119263
289 0.101805 0.108892 0.137112 0.121759
859 0.901203 0.081333 0.913553 0.092376
548 0.873496 0.080373 0.889804 0.091607
110 0.840564 0.081429 0.862888 0.093144
490 0.801932 0.08527 0.822989 0.096025
118 0.762191 0.083925 0.782774 0.092952
839 0.733692 0.083157 0.747308 0.09276
552 0.704877 0.084406 0.720709 0.094104
357 0.667669 0.08767 0.689044 0.098905
380 0.631254 0.086998 0.647245 0.096793
552 0.596263 0.087094 0.616213 0.098713
112 0.55589 0.087478 0.575997 0.097561
184 0.505383 0.08767 0.538315 0.098713
724 0.451393 0.087286 0.477201 0.097753
380 0.410545 0.085366 0.431602 0.096217
644 0.358296 0.084982 0.389804 0.09468
15 0.306048 0.08767 0.336922 0.099097
1 0.266466 0.086326 0.278657 0.096217
859 0.237967 0.086422 0.257125 0.097945
869 0.204085 0.082869 0.220709 0.092184
221 0.172261 0.081141 0.19031 0.093144
552 0.138695 0.083349 0.160545 0.095064
883 0.095313 0.081237 0.119063 0.094104
14 0.903737 0.058383 0.933502 0.069714
14 0.836447 0.058095 0.878721 0.071634
552 0.682077 0.065105 0.714693 0.075667
500 0.617163 0.066257 0.646612 0.078164
501 0.547498 0.068562 0.578531 0.0797
89 0.458835 0.067697 0.495567 0.077972
138 0.392179 0.066833 0.422736 0.077396
24 0.317764 0.064529 0.353705 0.076051
514 0.250158 0.064336 0.280241 0.075091
16 0.194744 0.063472 0.224193 0.073747
