15 0.873242 0.933466 0.904893 0.94533
297 0.791743 0.927392 0.836086 0.941154
851 0.728287 0.927487 0.749847 0.940964
469 0.687309 0.926348 0.713456 0.939446
118 0.621713 0.925114 0.655352 0.939636
223 0.56422 0.925778 0.602446 0.939825
561 0.503211 0.921602 0.543731 0.936219
89 0.433333 0.920748 0.465749 0.933371
661 0.383945 0.91847 0.399694 0.930714
118 0.341437 0.918945 0.370031 0.931853
137 0.286697 0.917426 0.314679 0.931283
85 0.226147 0.920178 0.259633 0.933561
748 0.187615 0.919704 0.207034 0.93489
859 0.154434 0.921033 0.171865 0.9347
825 0.124312 0.921982 0.141896 0.93527
10 0.088226 0.921792 0.110398 0.93527
14 0.875994 0.908314 0.909786 0.920843
350 0.794954 0.904803 0.836086 0.917616
10 0.723394 0.903474 0.755352 0.915338
14 0.656116 0.902525 0.694801 0.916097
491 0.519419 0.898254 0.556575 0.910592
631 0.471101 0.89721 0.493272 0.911162
112 0.406881 0.895406 0.455963 0.907175
733 0.301988 0.896071 0.353211 0.907745
859 0.246483 0.894647 0.26208 0.905847
514 0.210092 0.894837 0.233945 0.906796
9 0.165443 0.896545 0.185627 0.907555
134 0.11896 0.89645 0.146177 0.908694
10 0.07737 0.89702 0.096636 0.907175
869 0.86422 0.883257 0.880734 0.894267
141 0.809939 0.881834 0.84526 0.896355
184 0.731193 0.880505 0.777064 0.893318
812 0.592049 0.878132 0.624465 0.89104
358 0.529969 0.87519 0.560856 0.888952
755 0.468349 0.873576 0.500306 0.887434
490 0.388226 0.876614 0.43792 0.888193
98 0.307034 0.870729 0.33578 0.884586
24 0.242661 0.872627 0.280734 0.884207
112 0.165749 0.872058 0.202141 0.883827
724 0.103058 0.873007 0.130887 0.885156
839 0.862232 0.858106 0.880428 0.871298
599 0.806728 0.856682 0.840979 0.871298
514 0.731346 0.855733 0.776453 0.869021
808 0.545413 0.855733 0.576453 0.868261
599 0.482875 0.850607 0.51682 0.863136
514 0.42263 0.852885 0.455046 0.867122
514 0.365596 0.85336 0.39419 0.867122
511 0.299083 0.851177 0.338226 0.864275
514 0.231957 0.849468 0.263609 0.863326
733 0.154434 0.850513 0.201835 0.863895
514 0.087309 0.847665 0.115596 0.862377
851 0.859021 0.832194 0.88104 0.846431
856 0.71422 0.832954 0.739755 0.84776
733 0.548624 0.830296 0.604281 0.842445
184 0.451835 0.829822 0.498777 0.841306
14 0.871254 0.807043 0.900612 0.819666
111 0.800612 0.808941 0.837615 0.823652
248 0.733333 0.808371 0.771865 0.821185
14 0.601223 0.807707 0.642813 0.821185
111 0.53211 0.807327 0.570948 0.821944
248 0.475535 0.805239 0.505199 0.819856
10 0.425229 0.807707 0.448318 0.820046
511 0.386697 0.802582 0.423547 0.817388
411 0.32263 0.800114 0.353823 0.814351
266 0.26422 0.800968 0.292966 0.81549
10 0.218502 0.802297 0.243731 0.81568
351 0.175229 0.800494 0.21315 0.81511
464 0.122324 0.800873 0.140979 0.816249
750 0.097248 0.800114 0.113761 0.817198
839 0.075994 0.799924 0.088073 0.813781
260 0.872783 0.781606 0.901223 0.796697
118 0.806575 0.78303 0.83578 0.795748
560 0.738685 0.782935 0.779817 0.797456
808 0.656575 0.783694 0.684709 0.796697
89 0.604893 0.782555 0.633333 0.795558
142 0.55841 0.784358 0.588073 0.797267
672 0.506116 0.78303 0.53211 0.795748
737 0.465138 0.779992 0.501223 0.79347
354 0.414373 0.77667 0.443119 0.792331
181 0.366514 0.778379 0.389297 0.791762
120 0.331193 0.776765 0.350459 0.789863
89 0.296024 0.774962 0.322018 0.788535
737 0.249388 0.774203 0.282569 0.788155
354 0.194037 0.773254 0.226911 0.787016
560 0.14159 0.772684 0.177982 0.788155
579 0.088073 0.770881 0.10581 0.784548
711 0.879664 0.753607 0.903364 0.767084
141 0.834557 0.757213 0.860856 0.77183
350 0.774771 0.753891 0.808869 0.770691
350 0.70948 0.753702 0.742202 0.77145
561 0.638379 0.758162 0.677676 0.77183
164 0.570183 0.757878 0.599694 0.770501
253 0.517431 0.757593 0.542508 0.770691
491 0.459327 0.753322 0.491437 0.768033
729 0.396177 0.751139 0.431193 0.766325
496 0.34526 0.750949 0.372783 0.764806
10 0.297248 0.74962 0.321407 0.761579
491 0.242049 0.747532 0.272171 0.761579
729 0.174312 0.746583 0.214679 0.76063
833 0.108104 0.746678 0.145872 0.758732
552 0.871713 0.731872 0.897554 0.745824
672 0.764526 0.730638 0.819878 0.741458
859 0.691743 0.731207 0.710703 0.743166
490 0.629052 0.732346 0.672477 0.745634
112 0.335321 0.721716 0.374006 0.734434
567 0.266208 0.724374 0.299388 0.73918
14 0.187156 0.722475 0.229664 0.735763
502 0.116514 0.72238 0.149235 0.736712
164 0.872171 0.703967 0.896024 0.718109
753 0.816208 0.705391 0.846483 0.720387
127 0.674465 0.704727 0.722324 0.720197
350 0.572324 0.704252 0.615902 0.720197
596 0.523242 0.703778 0.553517 0.719628
464 0.460245 0.704727 0.497554 0.720197
313 0.307339 0.697323 0.361162 0.711086
498 0.225688 0.699222 0.255963 0.712604
91 0.159174 0.698083 0.196024 0.711276
134 0.097401 0.697134 0.124465 0.712035
381 0.869572 0.674355 0.89633 0.691913
580 0.788532 0.676158 0.843425 0.690395
807 0.695566 0.677771 0.725382 0.693052
380 0.481651 0.676253 0.516208 0.691724
661 0.413914 0.675778 0.431804 0.689446
580 0.358257 0.672077 0.402446 0.686219
298 0.279664 0.671887 0.315291 0.686029
252 0.209786 0.673975 0.24526 0.687737
578 0.124771 0.669609 0.14526 0.681473
839 0.101376 0.673121 0.114985 0.686598
164 0.871713 0.648349 0.896636 0.661541
753 0.820183 0.651006 0.847401 0.665718
839 0.7737 0.649108 0.789908 0.66306
127 0.731651 0.648064 0.758104 0.663629
223 0.676606 0.65262 0.714067 0.666856
561 0.604128 0.653379 0.64159 0.669324
10 0.543731 0.656606 0.573394 0.670653
1 0.492508 0.651196 0.516208 0.664768
491 0.438073 0.649962 0.469113 0.666477
24 0.3763 0.650816 0.410398 0.666287
223 0.324312 0.647874 0.358716 0.660972
561 0.261621 0.647399 0.293272 0.66287
501 0.205505 0.648538 0.233333 0.662301
98 0.150459 0.647494 0.177064 0.661541
24 0.107339 0.64645 0.137615 0.660592
552 0.874465 0.622248 0.901835 0.636484
690 0.800459 0.618831 0.844037 0.637054
112 0.737156 0.61978 0.765443 0.633068
736 0.672477 0.625475 0.711315 0.638952
560 0.599083 0.62462 0.645566 0.64104
354 0.416972 0.625 0.468196 0.640281
745 0.340367 0.623956 0.368502 0.638193
112 0.287156 0.620065 0.319878 0.633257
16 0.218502 0.623766 0.256269 0.636864
746 0.156116 0.625 0.182569 0.639142
724 0.11208 0.621583 0.139144 0.633447
381 0.874006 0.589787 0.902752 0.608011
98 0.768043 0.593014 0.804587 0.60877
292 0.68578 0.59814 0.717737 0.613326
223 0.616361 0.59833 0.656575 0.613516
511 0.533792 0.598899 0.579205 0.612756
14 0.45367 0.601177 0.491437 0.615604
358 0.284557 0.596906 0.31315 0.609529
491 0.217431 0.597475 0.252905 0.612187
745 0.161315 0.59833 0.184098 0.611807
26 0.117584 0.597096 0.152294 0.610858
112 0.878135 0.561693 0.90948 0.573462
808 0.805963 0.567863 0.837003 0.582005
357 0.735933 0.5709 0.776147 0.585042
681 0.534862 0.576405 0.579511 0.592255
698 0.462844 0.574127 0.495413 0.588648
567 0.420642 0.574791 0.45841 0.591496
632 0.362232 0.572893 0.381346 0.588648
839 0.338379 0.573937 0.358716 0.587889
591 0.295872 0.574981 0.319572 0.58713
466 0.24159 0.574791 0.289602 0.589787
661 0.175076 0.572418 0.192966 0.585421
591 0.146942 0.572418 0.169725 0.584852
498 0.114526 0.571659 0.136391 0.584662
1 0.881193 0.541572 0.90948 0.552961
387 0.80948 0.541572 0.846483 0.556948
387 0.735933 0.547077 0.769419 0.562073
223 0.670642 0.549734 0.702446 0.562832
511 0.604893 0.549165 0.640979 0.563022
14 0.53578 0.552487 0.572171 0.5653
552 0.428593 0.549924 0.454128 0.56473
736 0.375688 0.549639 0.402752 0.563022
737 0.330275 0.54869 0.359939 0.563022
248 0.271101 0.547836 0.305199 0.561883
737 0.211315 0.550588 0.239755 0.56492
248 0.149541 0.547551 0.18318 0.559985
10 0.100459 0.54945 0.115291 0.559415
15 0.881193 0.514522 0.911927 0.529613
297 0.804128 0.518033 0.849541 0.530942
851 0.743884 0.521545 0.759939 0.534928
469 0.698624 0.524298 0.726911 0.537965
839 0.651529 0.524772 0.671254 0.538724
839 0.61422 0.525626 0.63211 0.538914
561 0.561162 0.525437 0.594801 0.538155
252 0.502446 0.52667 0.529052 0.538724
736 0.435474 0.525721 0.475535 0.538724
750 0.379358 0.523349 0.40367 0.535497
14 0.327829 0.523538 0.358104 0.535687
543 0.265443 0.523728 0.295719 0.537775
379 0.212385 0.524677 0.235474 0.540623
110 0.163914 0.522304 0.192355 0.537206
252 0.116667 0.522494 0.13792 0.536446
381 0.882722 0.487756 0.909786 0.503797
580 0.827676 0.493546 0.857187 0.506644
350 0.772783 0.494021 0.804281 0.507593
10 0.716514 0.497817 0.743119 0.509871
14 0.666361 0.49981 0.702446 0.513667
248 0.595413 0.501803 0.634862 0.515186
98 0.525382 0.500569 0.55474 0.514617
560 0.455657 0.500759 0.500306 0.516135
484 0.36789 0.498671 0.401223 0.512149
89 0.297706 0.499525 0.336086 0.513857
118 0.230887 0.49981 0.259327 0.514427
134 0.16682 0.495729 0.203058 0.509491
737 0.108869 0.497058 0.132416 0.51082
112 0.886697 0.462509 0.913456 0.473424
24 0.825076 0.468109 0.86208 0.482346
184 0.754128 0.471906 0.790214 0.484624
252 0.696483 0.474089 0.719878 0.486712
552 0.649541 0.473614 0.677064 0.487472
690 0.583639 0.475038 0.623547 0.491268
859 0.53945 0.479024 0.559327 0.493356
142 0.484251 0.475702 0.519572 0.488421
548 0.426911 0.480068 0.45107 0.494685
748 0.396636 0.476936 0.412538 0.490509
498 0.352446 0.475797 0.380734 0.48956
85 0.285933 0.475513 0.327217 0.48861
553 0.217278 0.471241 0.249235 0.486333
10 0.158716 0.471336 0.186544 0.484434
464 0.111774 0.47238 0.130887 0.485194
711 0.873547 0.441534 0.900917 0.453493
142 0.810398 0.445805 0.847706 0.460326
859 0.752599 0.448178 0.77156 0.461276
10 0.692355 0.449412 0.729358 0.461655
14 0.618349 0.452639 0.659327 0.465831
808 0.426758 0.452828 0.455963 0.466401
92 0.356116 0.449886 0.4 0.465072
737 0.284251 0.45131 0.320489 0.464503
750 0.204281 0.447608 0.243425 0.460896
589 0.143119 0.445615 0.166667 0.458808
724 0.105199 0.447893 0.129052 0.461086
181 0.887615 0.417331 0.915596 0.431093
378 0.830275 0.417331 0.865749 0.432422
111 0.683945 0.425588 0.725688 0.440585
851 0.620336 0.428815 0.638226 0.443622
110 0.569572 0.426348 0.603364 0.440774
252 0.51055 0.431188 0.538532 0.44571
350 0.44633 0.426822 0.483486 0.441724
511 0.38211 0.426443 0.411927 0.440585
166 0.31422 0.427392 0.353823 0.440585
252 0.243119 0.425873 0.277064 0.439636
110 0.170336 0.423405 0.206728 0.438307
711 0.881804 0.394552 0.906422 0.406416
127 0.827676 0.396166 0.861162 0.41287
535 0.754128 0.398918 0.792966 0.415528
98 0.684557 0.39721 0.714679 0.411162
172 0.628135 0.40205 0.658104 0.414958
381 0.572018 0.399962 0.599083 0.417046
737 0.518043 0.403379 0.549847 0.417995
711 0.459633 0.404423 0.484404 0.417616
142 0.412691 0.403189 0.441896 0.417236
271 0.35841 0.402145 0.395413 0.415718
10 0.296789 0.403569 0.324465 0.415338
14 0.251682 0.401481 0.289297 0.415338
733 0.170031 0.399962 0.217125 0.41268
514 0.106881 0.398823 0.12844 0.411921
89 0.888226 0.371678 0.920489 0.384776
753 0.817431 0.375 0.853823 0.388193
567 0.749694 0.375475 0.780428 0.388573
661 0.646789 0.376614 0.665443 0.389332
110 0.557951 0.374431 0.592355 0.389711
641 0.482263 0.375854 0.527217 0.39123
24 0.334251 0.376614 0.37737 0.390471
726 0.243272 0.377183 0.291437 0.389711
110 0.164526 0.374241 0.196942 0.388383
464 0.111162 0.375 0.130887 0.386674
561 0.887615 0.34757 0.920795 0.362187
580 0.799388 0.349468 0.852294 0.364465
148 0.707187 0.352506 0.745566 0.365224
560 0.623547 0.351936 0.669419 0.367692
561 0.344495 0.35279 0.388991 0.367312
140 0.261621 0.352221 0.297554 0.366743
356 0.174771 0.349943 0.2263 0.367122
724 0.104893 0.355543 0.124465 0.366553
836 0.884098 0.324696 0.91682 0.338459
89 0.825535 0.325835 0.855352 0.338838
14 0.75581 0.328113 0.798165 0.341306
566 0.670948 0.328778 0.691437 0.340547
490 0.610856 0.329537 0.650765 0.341306
86 0.539602 0.328493 0.573394 0.343204
859 0.496483 0.330296 0.515902 0.344533
354 0.411621 0.330676 0.470336 0.343014
899 0.311315 0.327354 0.35474 0.340926
113 0.24419 0.329347 0.266972 0.342255
825 0.172477 0.327828 0.192049 0.338648
10 0.128593 0.329537 0.156575 0.342065
484 0.885015 0.299829 0.912232 0.313402
89 0.797095 0.303151 0.83578 0.316629
118 0.714832 0.306568 0.747401 0.323083
134 0.647554 0.304765 0.68318 0.318717
358 0.526147 0.30429 0.555963 0.317578
26 0.452752 0.303815 0.499388 0.318337
562 0.377676 0.303721 0.402446 0.320425
350 0.329969 0.303531 0.368196 0.318337
9 0.274312 0.303436 0.293272 0.316249
856 0.238073 0.304954 0.257492 0.320046
839 0.205352 0.305809 0.222018 0.320805
887 0.160398 0.300683 0.192355 0.318337
10 0.111468 0.306378 0.133028 0.318907
754 0.889755 0.279043 0.922324 0.291192
10 0.797706 0.281986 0.841284 0.294799
139 0.554893 0.280752 0.600917 0.29385
543 0.465596 0.27762 0.497859 0.292141
807 0.241284 0.277904 0.274006 0.291382
714 0.175229 0.27667 0.200917 0.290433
10 0.124618 0.281986 0.147095 0.294989
484 0.888532 0.254366 0.918654 0.267844
313 0.803211 0.255125 0.849235 0.270311
498 0.731651 0.257878 0.76055 0.272779
142 0.674771 0.256929 0.707034 0.272779
10 0.616972 0.258162 0.645872 0.270121
184 0.469572 0.255885 0.525688 0.27126
828 0.386544 0.254461 0.422936 0.267654
812 0.245719 0.253702 0.268196 0.266135
80 0.194037 0.251708 0.226606 0.266705
598 0.150765 0.253322 0.175535 0.269742
10 0.111468 0.257688 0.13211 0.270691
260 0.885015 0.232726 0.924159 0.245824
598 0.80841 0.23415 0.84893 0.246963
1 0.732569 0.232251 0.769113 0.243166
808 0.637309 0.23415 0.668502 0.247153
859 0.579664 0.236143 0.602752 0.251519
110 0.51789 0.231587 0.556575 0.245634
86 0.401682 0.227126 0.440061 0.242217
745 0.338685 0.229973 0.366667 0.245634
112 0.283639 0.225987 0.317431 0.239939
16 0.219725 0.228265 0.255046 0.240888
746 0.161009 0.229404 0.185933 0.243166
724 0.114832 0.232441 0.136391 0.246014
136 0.886544 0.20615 0.919572 0.221147
561 0.81055 0.207764 0.84893 0.221906
501 0.732569 0.209188 0.765443 0.222096
98 0.668654 0.207384 0.699083 0.221526
248 0.590214 0.210421 0.630581 0.223235
98 0.516361 0.207005 0.548318 0.221147
24 0.447095 0.207194 0.487156 0.220577
358 0.278746 0.203303 0.306422 0.216401
491 0.215902 0.201215 0.250459 0.216591
745 0.161468 0.203493 0.185933 0.219438
26 0.1237 0.201595 0.155046 0.21735
578 0.879511 0.183561 0.904587 0.197039
238 0.827523 0.18508 0.867584 0.197988
118 0.736544 0.184415 0.769725 0.197418
99 0.674006 0.184131 0.707645 0.198747
753 0.617737 0.186693 0.640979 0.200456
698 0.563761 0.183561 0.597859 0.197988
567 0.518043 0.184795 0.550153 0.198747
632 0.466055 0.182897 0.484709 0.196279
839 0.443884 0.183466 0.461162 0.19609
485 0.390061 0.179954 0.426606 0.192483
474 0.324465 0.180334 0.355657 0.193052
118 0.260398 0.180049 0.291437 0.194761
753 0.208257 0.177771 0.227829 0.190205
110 0.162997 0.176538 0.190214 0.189636
252 0.119266 0.177012 0.136697 0.188876
164 0.886391 0.159074 0.917125 0.171982
381 0.8263 0.15708 0.857798 0.172361
98 0.729205 0.158409 0.763303 0.171033
567 0.665443 0.162016 0.697859 0.175399
552 0.594495 0.159738 0.624465 0.17369
736 0.535168 0.160972 0.566667 0.173121
737 0.481193 0.160213 0.515596 0.174829
350 0.369113 0.156321 0.40581 0.170084
474 0.300153 0.156511 0.333945 0.168945
808 0.242966 0.155562 0.270948 0.168755
26 0.184557 0.152809 0.222324 0.166667
380 0.888226 0.134017 0.917125 0.147304
261 0.825076 0.132498 0.861162 0.146545
111 0.759633 0.134017 0.791131 0.148823
252 0.705199 0.135345 0.732722 0.151481
635 0.650459 0.136105 0.684098 0.148064
552 0.608869 0.13544 0.637309 0.150342
490 0.554281 0.136959 0.58318 0.149962
357 0.493884 0.135345 0.529052 0.149203
553 0.435627 0.135725 0.463303 0.15167
596 0.389908 0.134586 0.411621 0.146545
695 0.344343 0.131739 0.37156 0.146355
10 0.305046 0.133257 0.329358 0.146355
731 0.251376 0.129366 0.295107 0.142369
839 0.199847 0.128702 0.212538 0.14104
326 0.891131 0.112566 0.935168 0.125475
10 0.801682 0.114085 0.839755 0.126234
561 0.720489 0.112661 0.765749 0.126803
501 0.647401 0.113895 0.678593 0.126614
98 0.587156 0.111143 0.617125 0.125095
560 0.535627 0.111712 0.580428 0.126424
358 0.460703 0.111522 0.489297 0.124525
553 0.406269 0.110289 0.433028 0.124525
631 0.35841 0.10877 0.377982 0.120729
514 0.324312 0.107251 0.349235 0.120729
79 0.272171 0.106112 0.304281 0.117692
10 0.227064 0.107726 0.24893 0.11921
808 0.90474 0.089503 0.928746 0.101557
748 0.860245 0.089977 0.872783 0.101746
754 0.645566 0.091591 0.683792 0.100987
553 0.563456 0.093204 0.610092 0.104214
754 0.475076 0.09197 0.514679 0.104214
10 0.40581 0.090167 0.43578 0.100987
566 0.346483 0.087604 0.380428 0.099848
142 0.250153 0.085991 0.284709 0.09738
753 0.192049 0.082005 0.215902 0.093204
164 0.915749 0.063022 0.942202 0.0765
753 0.870948 0.063876 0.890214 0.076689
313 0.786544 0.069191 0.83792 0.084282
498 0.70948 0.071659 0.737615 0.083713
553 0.654434 0.07109 0.680734 0.085042
553 0.601223 0.071279 0.629052 0.085042
10 0.546483 0.07071 0.577064 0.082764
839 0.440979 0.069191 0.461774 0.081055
507 0.38578 0.068052 0.421713 0.081055
815 0.321101 0.066724 0.353517 0.080296
514 0.26315 0.066629 0.289602 0.080106
498 0.214373 0.061788 0.237615 0.076879
387 0.179817 0.060744 0.205199 0.071754
15 0.873242 0.933466 0.904893 0.94533
297 0.791743 0.927392 0.836086 0.941154
851 0.728287 0.927487 0.749847 0.940964
469 0.687309 0.926348 0.713456 0.939446
118 0.621713 0.925114 0.655352 0.939636
223 0.56422 0.925778 0.602446 0.939825
561 0.503211 0.921602 0.543731 0.936219
89 0.433333 0.920748 0.465749 0.933371
661 0.383945 0.91847 0.399694 0.930714
118 0.341437 0.918945 0.370031 0.931853
137 0.286697 0.917426 0.314679 0.931283
85 0.226147 0.920178 0.259633 0.933561
748 0.187615 0.919704 0.207034 0.93489
859 0.154434 0.921033 0.171865 0.9347
825 0.124312 0.921982 0.141896 0.93527
10 0.088226 0.921792 0.110398 0.93527
14 0.875994 0.908314 0.909786 0.920843
350 0.794954 0.904803 0.836086 0.917616
10 0.723394 0.903474 0.755352 0.915338
14 0.656116 0.902525 0.694801 0.916097
491 0.519419 0.898254 0.556575 0.910592
631 0.471101 0.89721 0.493272 0.911162
112 0.406881 0.895406 0.455963 0.907175
733 0.301988 0.896071 0.353211 0.907745
859 0.246483 0.894647 0.26208 0.905847
514 0.210092 0.894837 0.233945 0.906796
9 0.165443 0.896545 0.185627 0.907555
134 0.11896 0.89645 0.146177 0.908694
10 0.07737 0.89702 0.096636 0.907175
869 0.86422 0.883257 0.880734 0.894267
141 0.809939 0.881834 0.84526 0.896355
184 0.731193 0.880505 0.777064 0.893318
812 0.592049 0.878132 0.624465 0.89104
358 0.529969 0.87519 0.560856 0.888952
755 0.468349 0.873576 0.500306 0.887434
490 0.388226 0.876614 0.43792 0.888193
98 0.307034 0.870729 0.33578 0.884586
24 0.242661 0.872627 0.280734 0.884207
112 0.165749 0.872058 0.202141 0.883827
724 0.103058 0.873007 0.130887 0.885156
839 0.862232 0.858106 0.880428 0.871298
599 0.806728 0.856682 0.840979 0.871298
514 0.731346 0.855733 0.776453 0.869021
808 0.545413 0.855733 0.576453 0.868261
599 0.482875 0.850607 0.51682 0.863136
514 0.42263 0.852885 0.455046 0.867122
514 0.365596 0.85336 0.39419 0.867122
511 0.299083 0.851177 0.338226 0.864275
514 0.231957 0.849468 0.263609 0.863326
733 0.154434 0.850513 0.201835 0.863895
514 0.087309 0.847665 0.115596 0.862377
851 0.859021 0.832194 0.88104 0.846431
856 0.71422 0.832954 0.739755 0.84776
733 0.548624 0.830296 0.604281 0.842445
184 0.451835 0.829822 0.498777 0.841306
14 0.871254 0.807043 0.900612 0.819666
111 0.800612 0.808941 0.837615 0.823652
248 0.733333 0.808371 0.771865 0.821185
14 0.601223 0.807707 0.642813 0.821185
111 0.53211 0.807327 0.570948 0.821944
248 0.475535 0.805239 0.505199 0.819856
10 0.425229 0.807707 0.448318 0.820046
511 0.386697 0.802582 0.423547 0.817388
411 0.32263 0.800114 0.353823 0.814351
266 0.26422 0.800968 0.292966 0.81549
10 0.218502 0.802297 0.243731 0.81568
351 0.175229 0.800494 0.21315 0.81511
464 0.122324 0.800873 0.140979 0.816249
750 0.097248 0.800114 0.113761 0.817198
839 0.075994 0.799924 0.088073 0.813781
260 0.872783 0.781606 0.901223 0.796697
118 0.806575 0.78303 0.83578 0.795748
560 0.738685 0.782935 0.779817 0.797456
808 0.656575 0.783694 0.684709 0.796697
89 0.604893 0.782555 0.633333 0.795558
142 0.55841 0.784358 0.588073 0.797267
672 0.506116 0.78303 0.53211 0.795748
737 0.465138 0.779992 0.501223 0.79347
354 0.414373 0.77667 0.443119 0.792331
181 0.366514 0.778379 0.389297 0.791762
120 0.331193 0.776765 0.350459 0.789863
89 0.296024 0.774962 0.322018 0.788535
737 0.249388 0.774203 0.282569 0.788155
354 0.194037 0.773254 0.226911 0.787016
560 0.14159 0.772684 0.177982 0.788155
579 0.088073 0.770881 0.10581 0.784548
711 0.879664 0.753607 0.903364 0.767084
141 0.834557 0.757213 0.860856 0.77183
350 0.774771 0.753891 0.808869 0.770691
350 0.70948 0.753702 0.742202 0.77145
561 0.638379 0.758162 0.677676 0.77183
164 0.570183 0.757878 0.599694 0.770501
253 0.517431 0.757593 0.542508 0.770691
491 0.459327 0.753322 0.491437 0.768033
729 0.396177 0.751139 0.431193 0.766325
496 0.34526 0.750949 0.372783 0.764806
10 0.297248 0.74962 0.321407 0.761579
491 0.242049 0.747532 0.272171 0.761579
729 0.174312 0.746583 0.214679 0.76063
833 0.108104 0.746678 0.145872 0.758732
552 0.871713 0.731872 0.897554 0.745824
672 0.764526 0.730638 0.819878 0.741458
859 0.691743 0.731207 0.710703 0.743166
490 0.629052 0.732346 0.672477 0.745634
112 0.335321 0.721716 0.374006 0.734434
567 0.266208 0.724374 0.299388 0.73918
14 0.187156 0.722475 0.229664 0.735763
502 0.116514 0.72238 0.149235 0.736712
164 0.872171 0.703967 0.896024 0.718109
753 0.816208 0.705391 0.846483 0.720387
127 0.674465 0.704727 0.722324 0.720197
350 0.572324 0.704252 0.615902 0.720197
596 0.523242 0.703778 0.553517 0.719628
464 0.460245 0.704727 0.497554 0.720197
313 0.307339 0.697323 0.361162 0.711086
498 0.225688 0.699222 0.255963 0.712604
91 0.159174 0.698083 0.196024 0.711276
134 0.097401 0.697134 0.124465 0.712035
381 0.869572 0.674355 0.89633 0.691913
580 0.788532 0.676158 0.843425 0.690395
807 0.695566 0.677771 0.725382 0.693052
380 0.481651 0.676253 0.516208 0.691724
661 0.413914 0.675778 0.431804 0.689446
580 0.358257 0.672077 0.402446 0.686219
298 0.279664 0.671887 0.315291 0.686029
252 0.209786 0.673975 0.24526 0.687737
578 0.124771 0.669609 0.14526 0.681473
839 0.101376 0.673121 0.114985 0.686598
164 0.871713 0.648349 0.896636 0.661541
753 0.820183 0.651006 0.847401 0.665718
839 0.7737 0.649108 0.789908 0.66306
127 0.731651 0.648064 0.758104 0.663629
223 0.676606 0.65262 0.714067 0.666856
561 0.604128 0.653379 0.64159 0.669324
10 0.543731 0.656606 0.573394 0.670653
1 0.492508 0.651196 0.516208 0.664768
491 0.438073 0.649962 0.469113 0.666477
24 0.3763 0.650816 0.410398 0.666287
223 0.324312 0.647874 0.358716 0.660972
561 0.261621 0.647399 0.293272 0.66287
501 0.205505 0.648538 0.233333 0.662301
98 0.150459 0.647494 0.177064 0.661541
24 0.107339 0.64645 0.137615 0.660592
552 0.874465 0.622248 0.901835 0.636484
690 0.800459 0.618831 0.844037 0.637054
112 0.737156 0.61978 0.765443 0.633068
736 0.672477 0.625475 0.711315 0.638952
560 0.599083 0.62462 0.645566 0.64104
354 0.416972 0.625 0.468196 0.640281
745 0.340367 0.623956 0.368502 0.638193
112 0.287156 0.620065 0.319878 0.633257
16 0.218502 0.623766 0.256269 0.636864
746 0.156116 0.625 0.182569 0.639142
724 0.11208 0.621583 0.139144 0.633447
381 0.874006 0.589787 0.902752 0.608011
98 0.768043 0.593014 0.804587 0.60877
292 0.68578 0.59814 0.717737 0.613326
223 0.616361 0.59833 0.656575 0.613516
511 0.533792 0.598899 0.579205 0.612756
14 0.45367 0.601177 0.491437 0.615604
358 0.284557 0.596906 0.31315 0.609529
491 0.217431 0.597475 0.252905 0.612187
745 0.161315 0.59833 0.184098 0.611807
26 0.117584 0.597096 0.152294 0.610858
112 0.878135 0.561693 0.90948 0.573462
808 0.805963 0.567863 0.837003 0.582005
357 0.735933 0.5709 0.776147 0.585042
681 0.534862 0.576405 0.579511 0.592255
698 0.462844 0.574127 0.495413 0.588648
567 0.420642 0.574791 0.45841 0.591496
632 0.362232 0.572893 0.381346 0.588648
839 0.338379 0.573937 0.358716 0.587889
591 0.295872 0.574981 0.319572 0.58713
466 0.24159 0.574791 0.289602 0.589787
661 0.175076 0.572418 0.192966 0.585421
591 0.146942 0.572418 0.169725 0.584852
498 0.114526 0.571659 0.136391 0.584662
1 0.881193 0.541572 0.90948 0.552961
387 0.80948 0.541572 0.846483 0.556948
387 0.735933 0.547077 0.769419 0.562073
223 0.670642 0.549734 0.702446 0.562832
511 0.604893 0.549165 0.640979 0.563022
14 0.53578 0.552487 0.572171 0.5653
552 0.428593 0.549924 0.454128 0.56473
736 0.375688 0.549639 0.402752 0.563022
737 0.330275 0.54869 0.359939 0.563022
248 0.271101 0.547836 0.305199 0.561883
737 0.211315 0.550588 0.239755 0.56492
248 0.149541 0.547551 0.18318 0.559985
10 0.100459 0.54945 0.115291 0.559415
15 0.881193 0.514522 0.911927 0.529613
297 0.804128 0.518033 0.849541 0.530942
851 0.743884 0.521545 0.759939 0.534928
469 0.698624 0.524298 0.726911 0.537965
839 0.651529 0.524772 0.671254 0.538724
839 0.61422 0.525626 0.63211 0.538914
561 0.561162 0.525437 0.594801 0.538155
252 0.502446 0.52667 0.529052 0.538724
736 0.435474 0.525721 0.475535 0.538724
750 0.379358 0.523349 0.40367 0.535497
14 0.327829 0.523538 0.358104 0.535687
543 0.265443 0.523728 0.295719 0.537775
379 0.212385 0.524677 0.235474 0.540623
110 0.163914 0.522304 0.192355 0.537206
252 0.116667 0.522494 0.13792 0.536446
381 0.882722 0.487756 0.909786 0.503797
580 0.827676 0.493546 0.857187 0.506644
350 0.772783 0.494021 0.804281 0.507593
10 0.716514 0.497817 0.743119 0.509871
14 0.666361 0.49981 0.702446 0.513667
248 0.595413 0.501803 0.634862 0.515186
98 0.525382 0.500569 0.55474 0.514617
560 0.455657 0.500759 0.500306 0.516135
484 0.36789 0.498671 0.401223 0.512149
89 0.297706 0.499525 0.336086 0.513857
118 0.230887 0.49981 0.259327 0.514427
134 0.16682 0.495729 0.203058 0.509491
737 0.108869 0.497058 0.132416 0.51082
112 0.886697 0.462509 0.913456 0.473424
24 0.825076 0.468109 0.86208 0.482346
184 0.754128 0.471906 0.790214 0.484624
252 0.696483 0.474089 0.719878 0.486712
552 0.649541 0.473614 0.677064 0.487472
690 0.583639 0.475038 0.623547 0.491268
859 0.53945 0.479024 0.559327 0.493356
142 0.484251 0.475702 0.519572 0.488421
548 0.426911 0.480068 0.45107 0.494685
748 0.396636 0.476936 0.412538 0.490509
498 0.352446 0.475797 0.380734 0.48956
85 0.285933 0.475513 0.327217 0.48861
553 0.217278 0.471241 0.249235 0.486333
10 0.158716 0.471336 0.186544 0.484434
464 0.111774 0.47238 0.130887 0.485194
711 0.873547 0.441534 0.900917 0.453493
142 0.810398 0.445805 0.847706 0.460326
859 0.752599 0.448178 0.77156 0.461276
10 0.692355 0.449412 0.729358 0.461655
14 0.618349 0.452639 0.659327 0.465831
808 0.426758 0.452828 0.455963 0.466401
92 0.356116 0.449886 0.4 0.465072
737 0.284251 0.45131 0.320489 0.464503
750 0.204281 0.447608 0.243425 0.460896
589 0.143119 0.445615 0.166667 0.458808
724 0.105199 0.447893 0.129052 0.461086
181 0.887615 0.417331 0.915596 0.431093
378 0.830275 0.417331 0.865749 0.432422
111 0.683945 0.425588 0.725688 0.440585
851 0.620336 0.428815 0.638226 0.443622
110 0.569572 0.426348 0.603364 0.440774
252 0.51055 0.431188 0.538532 0.44571
350 0.44633 0.426822 0.483486 0.441724
511 0.38211 0.426443 0.411927 0.440585
166 0.31422 0.427392 0.353823 0.440585
252 0.243119 0.425873 0.277064 0.439636
110 0.170336 0.423405 0.206728 0.438307
711 0.881804 0.394552 0.906422 0.406416
127 0.827676 0.396166 0.861162 0.41287
535 0.754128 0.398918 0.792966 0.415528
98 0.684557 0.39721 0.714679 0.411162
172 0.628135 0.40205 0.658104 0.414958
381 0.572018 0.399962 0.599083 0.417046
737 0.518043 0.403379 0.549847 0.417995
711 0.459633 0.404423 0.484404 0.417616
142 0.412691 0.403189 0.441896 0.417236
271 0.35841 0.402145 0.395413 0.415718
10 0.296789 0.403569 0.324465 0.415338
14 0.251682 0.401481 0.289297 0.415338
733 0.170031 0.399962 0.217125 0.41268
514 0.106881 0.398823 0.12844 0.411921
89 0.888226 0.371678 0.920489 0.384776
753 0.817431 0.375 0.853823 0.388193
567 0.749694 0.375475 0.780428 0.388573
661 0.646789 0.376614 0.665443 0.389332
110 0.557951 0.374431 0.592355 0.389711
641 0.482263 0.375854 0.527217 0.39123
24 0.334251 0.376614 0.37737 0.390471
726 0.243272 0.377183 0.291437 0.389711
110 0.164526 0.374241 0.196942 0.388383
464 0.111162 0.375 0.130887 0.386674
561 0.887615 0.34757 0.920795 0.362187
580 0.799388 0.349468 0.852294 0.364465
148 0.707187 0.352506 0.745566 0.365224
560 0.623547 0.351936 0.669419 0.367692
561 0.344495 0.35279 0.388991 0.367312
140 0.261621 0.352221 0.297554 0.366743
356 0.174771 0.349943 0.2263 0.367122
724 0.104893 0.355543 0.124465 0.366553
836 0.884098 0.324696 0.91682 0.338459
89 0.825535 0.325835 0.855352 0.338838
14 0.75581 0.328113 0.798165 0.341306
566 0.670948 0.328778 0.691437 0.340547
490 0.610856 0.329537 0.650765 0.341306
86 0.539602 0.328493 0.573394 0.343204
859 0.496483 0.330296 0.515902 0.344533
354 0.411621 0.330676 0.470336 0.343014
899 0.311315 0.327354 0.35474 0.340926
113 0.24419 0.329347 0.266972 0.342255
825 0.172477 0.327828 0.192049 0.338648
10 0.128593 0.329537 0.156575 0.342065
484 0.885015 0.299829 0.912232 0.313402
89 0.797095 0.303151 0.83578 0.316629
118 0.714832 0.306568 0.747401 0.323083
134 0.647554 0.304765 0.68318 0.318717
358 0.526147 0.30429 0.555963 0.317578
26 0.452752 0.303815 0.499388 0.318337
562 0.377676 0.303721 0.402446 0.320425
350 0.329969 0.303531 0.368196 0.318337
9 0.274312 0.303436 0.293272 0.316249
856 0.238073 0.304954 0.257492 0.320046
839 0.205352 0.305809 0.222018 0.320805
887 0.160398 0.300683 0.192355 0.318337
10 0.111468 0.306378 0.133028 0.318907
754 0.889755 0.279043 0.922324 0.291192
10 0.797706 0.281986 0.841284 0.294799
139 0.554893 0.280752 0.600917 0.29385
543 0.465596 0.27762 0.497859 0.292141
807 0.241284 0.277904 0.274006 0.291382
714 0.175229 0.27667 0.200917 0.290433
10 0.124618 0.281986 0.147095 0.294989
484 0.888532 0.254366 0.918654 0.267844
313 0.803211 0.255125 0.849235 0.270311
498 0.731651 0.257878 0.76055 0.272779
142 0.674771 0.256929 0.707034 0.272779
10 0.616972 0.258162 0.645872 0.270121
184 0.469572 0.255885 0.525688 0.27126
828 0.386544 0.254461 0.422936 0.267654
812 0.245719 0.253702 0.268196 0.266135
80 0.194037 0.251708 0.226606 0.266705
598 0.150765 0.253322 0.175535 0.269742
10 0.111468 0.257688 0.13211 0.270691
260 0.885015 0.232726 0.924159 0.245824
598 0.80841 0.23415 0.84893 0.246963
1 0.732569 0.232251 0.769113 0.243166
808 0.637309 0.23415 0.668502 0.247153
859 0.579664 0.236143 0.602752 0.251519
110 0.51789 0.231587 0.556575 0.245634
86 0.401682 0.227126 0.440061 0.242217
745 0.338685 0.229973 0.366667 0.245634
112 0.283639 0.225987 0.317431 0.239939
16 0.219725 0.228265 0.255046 0.240888
746 0.161009 0.229404 0.185933 0.243166
724 0.114832 0.232441 0.136391 0.246014
136 0.886544 0.20615 0.919572 0.221147
561 0.81055 0.207764 0.84893 0.221906
501 0.732569 0.209188 0.765443 0.222096
98 0.668654 0.207384 0.699083 0.221526
248 0.590214 0.210421 0.630581 0.223235
98 0.516361 0.207005 0.548318 0.221147
24 0.447095 0.207194 0.487156 0.220577
358 0.278746 0.203303 0.306422 0.216401
491 0.215902 0.201215 0.250459 0.216591
745 0.161468 0.203493 0.185933 0.219438
26 0.1237 0.201595 0.155046 0.21735
578 0.879511 0.183561 0.904587 0.197039
238 0.827523 0.18508 0.867584 0.197988
118 0.736544 0.184415 0.769725 0.197418
99 0.674006 0.184131 0.707645 0.198747
753 0.617737 0.186693 0.640979 0.200456
698 0.563761 0.183561 0.597859 0.197988
567 0.518043 0.184795 0.550153 0.198747
632 0.466055 0.182897 0.484709 0.196279
839 0.443884 0.183466 0.461162 0.19609
485 0.390061 0.179954 0.426606 0.192483
474 0.324465 0.180334 0.355657 0.193052
118 0.260398 0.180049 0.291437 0.194761
753 0.208257 0.177771 0.227829 0.190205
110 0.162997 0.176538 0.190214 0.189636
252 0.119266 0.177012 0.136697 0.188876
164 0.886391 0.159074 0.917125 0.171982
381 0.8263 0.15708 0.857798 0.172361
98 0.729205 0.158409 0.763303 0.171033
567 0.665443 0.162016 0.697859 0.175399
552 0.594495 0.159738 0.624465 0.17369
736 0.535168 0.160972 0.566667 0.173121
737 0.481193 0.160213 0.515596 0.174829
350 0.369113 0.156321 0.40581 0.170084
474 0.300153 0.156511 0.333945 0.168945
808 0.242966 0.155562 0.270948 0.168755
26 0.184557 0.152809 0.222324 0.166667
380 0.888226 0.134017 0.917125 0.147304
261 0.825076 0.132498 0.861162 0.146545
111 0.759633 0.134017 0.791131 0.148823
252 0.705199 0.135345 0.732722 0.151481
635 0.650459 0.136105 0.684098 0.148064
552 0.608869 0.13544 0.637309 0.150342
490 0.554281 0.136959 0.58318 0.149962
357 0.493884 0.135345 0.529052 0.149203
553 0.435627 0.135725 0.463303 0.15167
596 0.389908 0.134586 0.411621 0.146545
695 0.344343 0.131739 0.37156 0.146355
10 0.305046 0.133257 0.329358 0.146355
731 0.251376 0.129366 0.295107 0.142369
839 0.199847 0.128702 0.212538 0.14104
326 0.891131 0.112566 0.935168 0.125475
10 0.801682 0.114085 0.839755 0.126234
561 0.720489 0.112661 0.765749 0.126803
501 0.647401 0.113895 0.678593 0.126614
98 0.587156 0.111143 0.617125 0.125095
560 0.535627 0.111712 0.580428 0.126424
358 0.460703 0.111522 0.489297 0.124525
553 0.406269 0.110289 0.433028 0.124525
631 0.35841 0.10877 0.377982 0.120729
514 0.324312 0.107251 0.349235 0.120729
79 0.272171 0.106112 0.304281 0.117692
10 0.227064 0.107726 0.24893 0.11921
808 0.90474 0.089503 0.928746 0.101557
748 0.860245 0.089977 0.872783 0.101746
754 0.645566 0.091591 0.683792 0.100987
553 0.563456 0.093204 0.610092 0.104214
754 0.475076 0.09197 0.514679 0.104214
10 0.40581 0.090167 0.43578 0.100987
566 0.346483 0.087604 0.380428 0.099848
142 0.250153 0.085991 0.284709 0.09738
753 0.192049 0.082005 0.215902 0.093204
164 0.915749 0.063022 0.942202 0.0765
753 0.870948 0.063876 0.890214 0.076689
313 0.786544 0.069191 0.83792 0.084282
498 0.70948 0.071659 0.737615 0.083713
553 0.654434 0.07109 0.680734 0.085042
553 0.601223 0.071279 0.629052 0.085042
10 0.546483 0.07071 0.577064 0.082764
839 0.440979 0.069191 0.461774 0.081055
507 0.38578 0.068052 0.421713 0.081055
815 0.321101 0.066724 0.353517 0.080296
514 0.26315 0.066629 0.289602 0.080106
498 0.214373 0.061788 0.237615 0.076879
387 0.179817 0.060744 0.205199 0.071754
