807 1.244003 0.216735 0.9061 0.190204
490 1.225154 0.316327 0.894448 0.25551
89 1.252228 0.428571 0.895134 0.339592
252 1.359493 0.42 0.952022 0.333878
490 1.131254 0.43102 0.821796 0.342857
132 1.014051 0.443673 0.728581 0.338776
89 1.025017 0.546939 0.746402 0.426122
252 1.150103 0.542857 0.826594 0.408163
580 1.264565 0.531429 0.9061 0.403265
490 0.898561 0.559184 0.667581 0.427755
252 0.972241 0.661224 0.720356 0.493061
580 1.124058 0.648571 0.815627 0.490612
596 1.236463 0.628571 0.884167 0.48
859 0.647361 0.801633 0.465387 0.589388
248 0.751199 0.797143 0.586703 0.578776
828 0.915696 0.783265 0.673064 0.57551
14 1.051748 0.775102 0.77793 0.578776
118 1.205278 0.748163 0.879369 0.555918
10 1.002056 0.887347 0.714188 0.638367
358 1.224469 0.876735 0.871145 0.633469
110 1.109664 0.871429 0.797807 0.645714
544 0.667238 0.881633 0.535298 0.653061
118 0.857779 0.889388 0.649075 0.650612
252 1.069225 0.993061 0.773132 0.702857
589 1.18403 0.979184 0.858807 0.702857
15 0.644277 1.021633 0.503084 0.73551
238 0.793694 1.022449 0.600411 0.72898
142 0.938657 0.998776 0.690199 0.714286
490 1.06477 1.106122 0.802605 0.795102
85 0.884853 1.121633 0.68403 0.8
496 0.73475 1.130204 0.559287 0.813878
381 0.605209 1.141224 0.471556 0.814694
110 1.007539 1.244898 0.749829 0.878367
252 0.888965 1.23102 0.652502 0.868571
698 0.738862 1.24898 0.578478 0.884898
552 0.6244 1.253061 0.474297 0.881633
807 1.244003 0.216735 0.9061 0.190204
490 1.225154 0.316327 0.894448 0.25551
89 1.252228 0.428571 0.895134 0.339592
252 1.359493 0.42 0.952022 0.333878
490 1.131254 0.43102 0.821796 0.342857
132 1.014051 0.443673 0.728581 0.338776
89 1.025017 0.546939 0.746402 0.426122
252 1.150103 0.542857 0.826594 0.408163
580 1.264565 0.531429 0.9061 0.403265
490 0.898561 0.559184 0.667581 0.427755
252 0.972241 0.661224 0.720356 0.493061
580 1.124058 0.648571 0.815627 0.490612
596 1.236463 0.628571 0.884167 0.48
859 0.647361 0.801633 0.465387 0.589388
248 0.751199 0.797143 0.586703 0.578776
828 0.915696 0.783265 0.673064 0.57551
14 1.051748 0.775102 0.77793 0.578776
118 1.205278 0.748163 0.879369 0.555918
10 1.002056 0.887347 0.714188 0.638367
358 1.224469 0.876735 0.871145 0.633469
110 1.109664 0.871429 0.797807 0.645714
544 0.667238 0.881633 0.535298 0.653061
118 0.857779 0.889388 0.649075 0.650612
252 1.069225 0.993061 0.773132 0.702857
589 1.18403 0.979184 0.858807 0.702857
15 0.644277 1.021633 0.503084 0.73551
238 0.793694 1.022449 0.600411 0.72898
142 0.938657 0.998776 0.690199 0.714286
490 1.06477 1.106122 0.802605 0.795102
85 0.884853 1.121633 0.68403 0.8
496 0.73475 1.130204 0.559287 0.813878
381 0.605209 1.141224 0.471556 0.814694
110 1.007539 1.244898 0.749829 0.878367
252 0.888965 1.23102 0.652502 0.868571
698 0.738862 1.24898 0.578478 0.884898
552 0.6244 1.253061 0.474297 0.881633
