498 0.478481 0.88016 0.518143 0.89664
839 0.548734 0.88576 0.57384 0.91104
111 0.560338 0.83328 0.599156 0.85536
580 0.641983 0.83984 0.695359 0.85824
490 0.741772 0.844 0.793671 0.86176
695 0.486709 0.83824 0.529536 0.86464
736 0.598312 0.87856 0.633333 0.90304
139 0.681646 0.88304 0.738819 0.90144
825 0.845148 0.80544 0.86962 0.82656
839 0.892194 0.79872 0.909705 0.82144
724 0.787342 0.80688 0.820253 0.8272
839 0.702954 0.80768 0.730802 0.83168
567 0.427637 0.79808 0.465401 0.81952
504 0.529536 0.7928 0.5827 0.81344
511 0.625527 0.79616 0.67384 0.81504
498 0.313291 0.79312 0.349789 0.81248
737 0.24557 0.79104 0.274684 0.8096
111 0.237131 0.74672 0.27173 0.76864
339 0.341772 0.75152 0.391561 0.77248
504 0.432911 0.75232 0.479747 0.77344
358 0.512658 0.75312 0.548101 0.77216
260 0.602954 0.7584 0.653586 0.78016
490 0.699367 0.75936 0.742194 0.77856
859 0.761181 0.76704 0.789873 0.79264
297 0.824895 0.76096 0.86962 0.77984
238 0.300633 0.70912 0.347679 0.73376
753 0.375527 0.7112 0.418987 0.73152
839 0.440928 0.71104 0.467089 0.73056
889 0.514135 0.71104 0.564135 0.73152
98 0.58903 0.71296 0.622363 0.7328
552 0.655696 0.71584 0.693249 0.73696
596 0.873418 0.72 0.894093 0.74208
753 0.907384 0.71712 0.921941 0.73696
556 0.815823 0.71616 0.859072 0.73632
141 0.738186 0.7168 0.775949 0.7392
737 0.178481 0.66384 0.212236 0.68448
248 0.248101 0.66496 0.287342 0.688
839 0.309494 0.66496 0.332489 0.69024
839 0.357173 0.66672 0.378481 0.69152
661 0.38481 0.6656 0.404641 0.6832
812 0.45211 0.66496 0.496203 0.6864
252 0.530802 0.6712 0.562447 0.688
596 0.679958 0.67296 0.713924 0.69408
578 0.78903 0.67872 0.818987 0.69728
207 0.60865 0.67296 0.655274 0.6928
511 0.814557 0.6328 0.862869 0.65472
558 0.685443 0.6312 0.736287 0.65376
132 0.385443 0.61664 0.418565 0.6384
98 0.508228 0.62464 0.543882 0.64352
112 0.327637 0.6144 0.359916 0.63776
248 0.25865 0.61328 0.298312 0.63456
839 0.438186 0.5792 0.460759 0.6048
856 0.492827 0.58048 0.521941 0.60512
839 0.559283 0.57872 0.581857 0.60512
552 0.906329 0.53392 0.933755 0.54848
134 0.812658 0.54176 0.851899 0.5616
260 0.201266 0.52736 0.237553 0.54592
259 0.125949 0.53536 0.160759 0.55264
839 0.795781 0.45472 0.813924 0.472
859 0.779536 0.41392 0.805063 0.43712
15 0.809283 0.36704 0.843882 0.38688
869 0.571941 0.624 0.600844 0.64832
498 0.478481 0.88016 0.518143 0.89664
839 0.548734 0.88576 0.57384 0.91104
111 0.560338 0.83328 0.599156 0.85536
580 0.641983 0.83984 0.695359 0.85824
490 0.741772 0.844 0.793671 0.86176
695 0.486709 0.83824 0.529536 0.86464
736 0.598312 0.87856 0.633333 0.90304
139 0.681646 0.88304 0.738819 0.90144
825 0.845148 0.80544 0.86962 0.82656
839 0.892194 0.79872 0.909705 0.82144
724 0.787342 0.80688 0.820253 0.8272
839 0.702954 0.80768 0.730802 0.83168
567 0.427637 0.79808 0.465401 0.81952
504 0.529536 0.7928 0.5827 0.81344
511 0.625527 0.79616 0.67384 0.81504
498 0.313291 0.79312 0.349789 0.81248
737 0.24557 0.79104 0.274684 0.8096
111 0.237131 0.74672 0.27173 0.76864
339 0.341772 0.75152 0.391561 0.77248
504 0.432911 0.75232 0.479747 0.77344
358 0.512658 0.75312 0.548101 0.77216
260 0.602954 0.7584 0.653586 0.78016
490 0.699367 0.75936 0.742194 0.77856
859 0.761181 0.76704 0.789873 0.79264
297 0.824895 0.76096 0.86962 0.77984
238 0.300633 0.70912 0.347679 0.73376
753 0.375527 0.7112 0.418987 0.73152
839 0.440928 0.71104 0.467089 0.73056
889 0.514135 0.71104 0.564135 0.73152
98 0.58903 0.71296 0.622363 0.7328
552 0.655696 0.71584 0.693249 0.73696
596 0.873418 0.72 0.894093 0.74208
753 0.907384 0.71712 0.921941 0.73696
556 0.815823 0.71616 0.859072 0.73632
141 0.738186 0.7168 0.775949 0.7392
737 0.178481 0.66384 0.212236 0.68448
248 0.248101 0.66496 0.287342 0.688
839 0.309494 0.66496 0.332489 0.69024
839 0.357173 0.66672 0.378481 0.69152
661 0.38481 0.6656 0.404641 0.6832
812 0.45211 0.66496 0.496203 0.6864
252 0.530802 0.6712 0.562447 0.688
596 0.679958 0.67296 0.713924 0.69408
578 0.78903 0.67872 0.818987 0.69728
207 0.60865 0.67296 0.655274 0.6928
511 0.814557 0.6328 0.862869 0.65472
558 0.685443 0.6312 0.736287 0.65376
132 0.385443 0.61664 0.418565 0.6384
98 0.508228 0.62464 0.543882 0.64352
112 0.327637 0.6144 0.359916 0.63776
248 0.25865 0.61328 0.298312 0.63456
839 0.438186 0.5792 0.460759 0.6048
856 0.492827 0.58048 0.521941 0.60512
839 0.559283 0.57872 0.581857 0.60512
552 0.906329 0.53392 0.933755 0.54848
134 0.812658 0.54176 0.851899 0.5616
260 0.201266 0.52736 0.237553 0.54592
259 0.125949 0.53536 0.160759 0.55264
839 0.795781 0.45472 0.813924 0.472
859 0.779536 0.41392 0.805063 0.43712
15 0.809283 0.36704 0.843882 0.38688
869 0.571941 0.624 0.600844 0.64832
