76 0.810163 0.102056 0.85187 0.130236
3 0.891898 0.104722 0.938159 0.132521
207 0.728667 0.10358 0.767977 0.124905
120 0.663231 0.148515 0.697987 0.188119
207 0.754554 0.159177 0.809204 0.197258
84 0.839406 0.15575 0.875839 0.18888
148 0.533797 0.139756 0.586769 0.179741
157 0.605944 0.138614 0.634708 0.17441
238 0.449185 0.194973 0.482263 0.227723
34 0.607622 0.198401 0.65628 0.230769
221 0.753835 0.213633 0.801534 0.24524
237 0.370326 0.256283 0.411314 0.290175
69 0.463567 0.261234 0.509588 0.299315
160 0.543384 0.258949 0.584851 0.300838
127 0.668744 0.263519 0.734899 0.300076
42 0.453739 0.319117 0.518696 0.354912
186 0.365772 0.321021 0.391179 0.359482
181 0.298418 0.325971 0.344199 0.360244
108 0.582454 0.319117 0.645733 0.359482
172 0.238495 0.395659 0.283317 0.430312
172 0.321189 0.381569 0.358581 0.423458
40 0.399089 0.38195 0.443432 0.422696
14 0.483221 0.383854 0.536433 0.421173
35 0.669703 0.369002 0.714286 0.41051
63 0.57838 0.376999 0.626079 0.413557
34 0.143816 0.476771 0.176894 0.517898
6 0.20302 0.469535 0.232023 0.501142
74 0.259588 0.463823 0.291467 0.501904
157 0.324305 0.45773 0.35954 0.498858
163 0.411074 0.452018 0.465005 0.484387
76 0.500959 0.450876 0.541707 0.484387
163 0.582454 0.445164 0.631831 0.479056
70 0.677852 0.437548 0.728667 0.472201
90 0.617929 0.50457 0.671141 0.54227
195 0.50815 0.512567 0.569511 0.549124
170 0.31256 0.532369 0.336529 0.56588
81 0.266299 0.535034 0.298658 0.573496
117 0.180249 0.544554 0.238255 0.586443
34 0.21836 0.611196 0.252637 0.643564
157 0.28164 0.605484 0.318792 0.645088
172 0.161793 0.616527 0.194151 0.654227
76 0.10187 0.626809 0.143816 0.66489
84 0.456376 0.584539 0.485618 0.617669
55 0.583174 0.576542 0.617929 0.611577
176 0.519895 0.583778 0.555609 0.622239
49 0.65604 0.576161 0.697507 0.615385
0 0.076942 0.71249 0.102109 0.741813
28 0.126558 0.701447 0.159636 0.737243
157 0.190796 0.6885 0.224832 0.727342
14 0.268936 0.672887 0.320709 0.70754
141 0.432886 0.657654 0.463087 0.691546
26 0.357862 0.659939 0.405561 0.699924
53 0.501678 0.6508 0.545062 0.686976
32 0.577661 0.642041 0.614094 0.678599
163 0.509348 0.716679 0.56232 0.752475
249 0.426174 0.725438 0.454938 0.763899
115 0.268936 0.74067 0.308245 0.776847
55 0.192474 0.756283 0.227709 0.795126
84 0.131831 0.766946 0.160115 0.798172
102 0.349952 0.731531 0.397411 0.772277
89 0.17977 0.833587 0.221477 0.875095
61 0.247363 0.815308 0.2814 0.854532
176 0.303452 0.814547 0.340364 0.85834
173 0.374161 0.802742 0.418984 0.845392
10 0.472915 0.794364 0.510067 0.833206
176 0.402685 0.58949 0.431448 0.616908
84 0.344679 0.596344 0.372483 0.623762
230 0.418504 0.51904 0.446788 0.547601
76 0.810163 0.102056 0.85187 0.130236
3 0.891898 0.104722 0.938159 0.132521
207 0.728667 0.10358 0.767977 0.124905
120 0.663231 0.148515 0.697987 0.188119
207 0.754554 0.159177 0.809204 0.197258
84 0.839406 0.15575 0.875839 0.18888
148 0.533797 0.139756 0.586769 0.179741
157 0.605944 0.138614 0.634708 0.17441
238 0.449185 0.194973 0.482263 0.227723
34 0.607622 0.198401 0.65628 0.230769
221 0.753835 0.213633 0.801534 0.24524
237 0.370326 0.256283 0.411314 0.290175
69 0.463567 0.261234 0.509588 0.299315
160 0.543384 0.258949 0.584851 0.300838
127 0.668744 0.263519 0.734899 0.300076
42 0.453739 0.319117 0.518696 0.354912
186 0.365772 0.321021 0.391179 0.359482
181 0.298418 0.325971 0.344199 0.360244
108 0.582454 0.319117 0.645733 0.359482
172 0.238495 0.395659 0.283317 0.430312
172 0.321189 0.381569 0.358581 0.423458
40 0.399089 0.38195 0.443432 0.422696
14 0.483221 0.383854 0.536433 0.421173
35 0.669703 0.369002 0.714286 0.41051
63 0.57838 0.376999 0.626079 0.413557
34 0.143816 0.476771 0.176894 0.517898
6 0.20302 0.469535 0.232023 0.501142
74 0.259588 0.463823 0.291467 0.501904
157 0.324305 0.45773 0.35954 0.498858
163 0.411074 0.452018 0.465005 0.484387
76 0.500959 0.450876 0.541707 0.484387
163 0.582454 0.445164 0.631831 0.479056
70 0.677852 0.437548 0.728667 0.472201
90 0.617929 0.50457 0.671141 0.54227
195 0.50815 0.512567 0.569511 0.549124
170 0.31256 0.532369 0.336529 0.56588
81 0.266299 0.535034 0.298658 0.573496
117 0.180249 0.544554 0.238255 0.586443
34 0.21836 0.611196 0.252637 0.643564
157 0.28164 0.605484 0.318792 0.645088
172 0.161793 0.616527 0.194151 0.654227
76 0.10187 0.626809 0.143816 0.66489
84 0.456376 0.584539 0.485618 0.617669
55 0.583174 0.576542 0.617929 0.611577
176 0.519895 0.583778 0.555609 0.622239
49 0.65604 0.576161 0.697507 0.615385
0 0.076942 0.71249 0.102109 0.741813
28 0.126558 0.701447 0.159636 0.737243
157 0.190796 0.6885 0.224832 0.727342
14 0.268936 0.672887 0.320709 0.70754
141 0.432886 0.657654 0.463087 0.691546
26 0.357862 0.659939 0.405561 0.699924
53 0.501678 0.6508 0.545062 0.686976
32 0.577661 0.642041 0.614094 0.678599
163 0.509348 0.716679 0.56232 0.752475
249 0.426174 0.725438 0.454938 0.763899
115 0.268936 0.74067 0.308245 0.776847
55 0.192474 0.756283 0.227709 0.795126
84 0.131831 0.766946 0.160115 0.798172
102 0.349952 0.731531 0.397411 0.772277
89 0.17977 0.833587 0.221477 0.875095
61 0.247363 0.815308 0.2814 0.854532
176 0.303452 0.814547 0.340364 0.85834
173 0.374161 0.802742 0.418984 0.845392
10 0.472915 0.794364 0.510067 0.833206
176 0.402685 0.58949 0.431448 0.616908
84 0.344679 0.596344 0.372483 0.623762
230 0.418504 0.51904 0.446788 0.547601
