859 0.495622 0.075068 0.518136 0.090795
1 0.527205 0.073286 0.539712 0.084923
495 0.58005 0.076326 0.622264 0.090585
110 0.646654 0.075278 0.69137 0.093521
248 0.780801 0.075068 0.829268 0.090375
110 0.833333 0.068778 0.867104 0.08744
248 0.437305 0.098134 0.486867 0.112183
134 0.502345 0.098343 0.546904 0.11407
141 0.568168 0.101069 0.603189 0.116586
111 0.643058 0.101279 0.685428 0.117006
733 0.760475 0.101908 0.818637 0.117215
869 0.821138 0.103376 0.847092 0.115118
839 0.875235 0.104424 0.902126 0.118264
686 0.225922 0.125708 0.267042 0.14112
552 0.304253 0.125917 0.343652 0.142378
748 0.370231 0.126022 0.395872 0.139442
514 0.460131 0.12424 0.528143 0.138184
661 0.532208 0.122038 0.551907 0.136716
495 0.611632 0.12749 0.662289 0.138603
112 0.767198 0.127805 0.80738 0.139233
589 0.845841 0.127385 0.888055 0.142378
498 0.9101 0.130216 0.943715 0.143426
127 0.109131 0.174984 0.149781 0.194171
127 0.175735 0.168484 0.217011 0.186203
358 0.257974 0.16125 0.299562 0.176767
1 0.386492 0.156951 0.431207 0.16754
681 0.469356 0.158 0.517511 0.172153
839 0.54065 0.161564 0.568168 0.176557
85 0.618355 0.157161 0.672295 0.172363
14 0.73374 0.161145 0.781426 0.172992
350 0.835679 0.160201 0.885241 0.176138
10 0.906817 0.165024 0.944966 0.179283
599 0.12758 0.20151 0.159475 0.217656
469 0.188086 0.197735 0.219199 0.212414
162 0.278455 0.19113 0.355535 0.208849
490 0.390713 0.18767 0.430582 0.204445
1 0.454816 0.18442 0.475297 0.196687
113 0.499218 0.183791 0.526579 0.196897
641 0.573014 0.186832 0.619137 0.205704
839 0.676048 0.187566 0.696373 0.200881
761 0.728268 0.183791 0.76454 0.201719
176 0.777674 0.189453 0.811132 0.207591
553 0.833802 0.187775 0.866792 0.203397
176 0.877267 0.192913 0.913696 0.210107
255 0.924328 0.189872 0.948093 0.208429
552 0.160256 0.228035 0.195435 0.244286
1 0.191213 0.227826 0.207942 0.237157
698 0.245153 0.223737 0.28424 0.244286
808 0.304409 0.221325 0.340838 0.238415
113 0.347405 0.219019 0.378049 0.236108
596 0.395403 0.220486 0.42339 0.239463
9 0.449187 0.220486 0.477799 0.23506
98 0.509068 0.219333 0.54409 0.235899
511 0.581301 0.218809 0.623515 0.234431
579 0.640869 0.216398 0.670419 0.232124
498 0.711382 0.221954 0.755472 0.237366
859 0.78252 0.222793 0.805191 0.236737
641 0.81723 0.222793 0.84459 0.240302
379 0.86132 0.226148 0.881801 0.243447
381 0.910725 0.224471 0.949031 0.241141
641 0.147123 0.258545 0.181676 0.274062
596 0.197467 0.253198 0.224515 0.270707
490 0.267042 0.255085 0.310507 0.270078
313 0.364447 0.247536 0.419637 0.26861
750 0.476079 0.252044 0.53127 0.268819
86 0.596623 0.245439 0.667605 0.260432
120 0.762351 0.252674 0.823952 0.270287
326 0.885866 0.249843 0.94778 0.265045
825 0.097561 0.29199 0.123827 0.310967
141 0.130863 0.288949 0.162289 0.305305
298 0.195435 0.281191 0.229518 0.296289
748 0.241557 0.285909 0.257661 0.298176
10 0.284553 0.284651 0.313946 0.299014
495 0.345216 0.28161 0.380863 0.295659
839 0.402908 0.281296 0.427767 0.296708
10 0.45122 0.280667 0.482176 0.294192
695 0.507036 0.273852 0.545654 0.291256
596 0.574578 0.277312 0.611632 0.292724
350 0.816604 0.276159 0.858349 0.291256
10 0.907755 0.278989 0.949969 0.294611
834 0.089744 0.324177 0.117261 0.339694
746 0.133208 0.319564 0.162914 0.336129
754 0.189962 0.313064 0.219825 0.32879
661 0.221857 0.311701 0.233583 0.323967
825 0.242183 0.312644 0.252971 0.324177
248 0.292839 0.314217 0.332708 0.331097
839 0.353346 0.310442 0.377423 0.326274
10 0.399781 0.311386 0.433396 0.326693
859 0.449187 0.308346 0.466542 0.322919
548 0.495935 0.304047 0.528143 0.321241
9 0.636492 0.304886 0.666979 0.318725
358 0.70075 0.304047 0.734209 0.321661
24 0.781895 0.305515 0.833959 0.319564
900 0.860069 0.307926 0.899312 0.327532
552 0.924797 0.304047 0.95122 0.320612
808 0.095685 0.356259 0.12414 0.372824
839 0.148374 0.348291 0.173233 0.364018
587 0.220919 0.343573 0.278924 0.359824
242 0.328018 0.338226 0.379612 0.354162
127 0.4101 0.334347 0.460288 0.350178
859 0.477955 0.33896 0.497811 0.35563
380 0.514853 0.337492 0.535647 0.355001
839 0.662289 0.337912 0.686679 0.352694
10 0.707004 0.340742 0.742339 0.35563
170 0.757817 0.339799 0.793621 0.354372
380 0.810819 0.337282 0.828643 0.352694
143 0.856004 0.341057 0.889306 0.358566
110 0.889619 0.338541 0.916198 0.354791
859 0.930425 0.336234 0.946842 0.353324
839 0.167448 0.385511 0.184803 0.404697
561 0.221701 0.374921 0.262039 0.394213
84 0.317542 0.369574 0.376485 0.38897
350 0.408537 0.366324 0.449031 0.385825
10 0.491088 0.368736 0.536273 0.385406
499 0.677455 0.365066 0.733896 0.383728
851 0.788618 0.370203 0.8202 0.386244
900 0.892745 0.368945 0.937461 0.387083
207 0.238743 0.4091 0.278299 0.425246
552 0.319262 0.406375 0.362727 0.424198
859 0.391338 0.403858 0.420575 0.419795
10 0.46873 0.401027 0.513759 0.417488
859 0.53252 0.400189 0.553784 0.415601
110 0.590056 0.398302 0.633521 0.415601
362 0.676048 0.404697 0.729206 0.420633
85 0.777205 0.402705 0.828643 0.417698
859 0.860538 0.398721 0.89212 0.41581
10 0.913227 0.397148 0.947154 0.411407
271 0.261101 0.442546 0.304878 0.460684
490 0.339744 0.438562 0.379612 0.454812
469 0.406504 0.436465 0.43277 0.453345
541 0.479987 0.433215 0.531895 0.452296
514 0.698874 0.436465 0.739525 0.451877
358 0.765947 0.430384 0.794559 0.446215
808 0.809568 0.435102 0.838962 0.450828
851 0.855066 0.432481 0.873671 0.451877
16 0.894622 0.426714 0.92339 0.442231
98 0.18449 0.483225 0.21576 0.499266
579 0.325516 0.468966 0.348655 0.484378
498 0.390557 0.471273 0.432458 0.488362
493 0.515791 0.466135 0.602564 0.484378
552 0.649468 0.470958 0.700125 0.488362
640 0.734365 0.467603 0.770482 0.486265
495 0.163696 0.531663 0.203565 0.547075
839 0.22858 0.52705 0.25641 0.542881
661 0.269387 0.52317 0.287992 0.540784
10 0.320982 0.521598 0.358349 0.539945
695 0.385866 0.513001 0.42339 0.53009
596 0.440901 0.514678 0.46748 0.534074
10 0.492808 0.512162 0.523765 0.526525
142 0.649625 0.518138 0.688868 0.533865
736 0.14853 0.559446 0.182614 0.576641
111 0.216229 0.556301 0.257974 0.574963
24 0.300813 0.552736 0.347717 0.566995
498 0.48843 0.553156 0.537211 0.569511
164 0.818324 0.54372 0.85616 0.561334
724 0.906348 0.539841 0.943715 0.558608
252 0.224828 0.589327 0.272358 0.60411
753 0.719199 0.580205 0.770482 0.5974
812 0.812226 0.57056 0.856473 0.588803
118 0.900719 0.563011 0.936523 0.581464
495 0.161194 0.627071 0.196685 0.643112
839 0.217636 0.621199 0.242339 0.636402
661 0.252814 0.61732 0.270482 0.633047
10 0.297686 0.616272 0.328643 0.629482
596 0.442464 0.608408 0.471857 0.627176
1 0.504847 0.61103 0.548155 0.629063
596 0.580363 0.605578 0.610069 0.622143
10 0.737492 0.60757 0.789869 0.627805
380 0.829112 0.601174 0.868355 0.616691
495 0.906035 0.592053 0.942151 0.608304
736 0.17464 0.651919 0.21576 0.666387
380 0.256254 0.651499 0.298624 0.667436
260 0.361632 0.644475 0.424015 0.660935
252 0.47858 0.642378 0.533146 0.656322
113 0.566604 0.633886 0.600375 0.65129
851 0.682145 0.639337 0.717636 0.656112
690 0.818949 0.626232 0.870857 0.643531
552 0.907286 0.619207 0.943715 0.638499
380 0.1798 0.684211 0.224828 0.702873
736 0.260788 0.679807 0.307692 0.699937
110 0.358193 0.673202 0.410882 0.692808
711 0.433552 0.671734 0.469669 0.688195
120 0.503909 0.670057 0.545341 0.69155
839 0.569731 0.669952 0.594747 0.686517
580 0.710913 0.66104 0.769231 0.681904
828 0.813946 0.65454 0.860851 0.673726
172 0.902595 0.652443 0.941526 0.669952
98 0.231707 0.712099 0.270482 0.728455
511 0.348499 0.708849 0.413071 0.726148
579 0.442464 0.704445 0.474672 0.722583
498 0.536585 0.702978 0.590994 0.719648
10 0.691995 0.69826 0.771107 0.716922
380 0.816917 0.690816 0.863039 0.708325
498 0.906348 0.677605 0.944653 0.695324
495 0.241557 0.744601 0.293308 0.762005
252 0.414165 0.740826 0.445591 0.753617
132 0.484522 0.738834 0.52439 0.753617
808 0.55222 0.733068 0.592245 0.752359
552 0.668856 0.732439 0.716385 0.746697
889 0.76798 0.729293 0.829894 0.75194
98 0.854597 0.714406 0.88868 0.733487
601 0.223421 0.774691 0.246404 0.790103
859 0.365854 0.774166 0.393996 0.789683
137 0.442308 0.769763 0.496248 0.786119
380 0.533458 0.770392 0.57661 0.786328
661 0.593652 0.765464 0.610694 0.780876
812 0.639462 0.767876 0.673859 0.782764
490 0.716385 0.762529 0.76329 0.781506
631 0.785647 0.756867 0.807692 0.775425
736 0.851626 0.751835 0.899937 0.771231
631 0.462477 0.803208 0.487179 0.822814
596 0.622108 0.800692 0.662914 0.819669
859 0.689962 0.803313 0.720138 0.823653
10 0.750313 0.797547 0.795497 0.813797
747 0.829581 0.790837 0.863352 0.808765
98 0.907286 0.783183 0.941526 0.799958
10 0.542214 0.837282 0.578799 0.850493
754 0.634772 0.834661 0.690744 0.849235
567 0.734991 0.826798 0.782364 0.842105
580 0.826298 0.823653 0.871795 0.839589
118 0.904472 0.813693 0.938086 0.834766
754 0.60444 0.868526 0.685741 0.885301
733 0.777674 0.855945 0.855847 0.876284
754 0.910569 0.853114 0.942464 0.873978
839 0.418386 0.901552 0.461851 0.917802
567 0.51454 0.896519 0.571607 0.912141
118 0.609443 0.896729 0.656035 0.915286
99 0.695122 0.897463 0.731395 0.914657
10 0.772201 0.89589 0.815197 0.911092
380 0.846154 0.891172 0.876798 0.905012
552 0.908537 0.884043 0.94434 0.904592
839 0.480613 0.932585 0.514071 0.946949
839 0.628361 0.930069 0.656973 0.944013
839 0.688712 0.927134 0.712633 0.93982
808 0.799093 0.926085 0.840525 0.943804
112 0.89728 0.920843 0.937774 0.934997
859 0.495622 0.075068 0.518136 0.090795
1 0.527205 0.073286 0.539712 0.084923
495 0.58005 0.076326 0.622264 0.090585
110 0.646654 0.075278 0.69137 0.093521
248 0.780801 0.075068 0.829268 0.090375
110 0.833333 0.068778 0.867104 0.08744
248 0.437305 0.098134 0.486867 0.112183
134 0.502345 0.098343 0.546904 0.11407
141 0.568168 0.101069 0.603189 0.116586
111 0.643058 0.101279 0.685428 0.117006
733 0.760475 0.101908 0.818637 0.117215
869 0.821138 0.103376 0.847092 0.115118
839 0.875235 0.104424 0.902126 0.118264
686 0.225922 0.125708 0.267042 0.14112
552 0.304253 0.125917 0.343652 0.142378
748 0.370231 0.126022 0.395872 0.139442
514 0.460131 0.12424 0.528143 0.138184
661 0.532208 0.122038 0.551907 0.136716
495 0.611632 0.12749 0.662289 0.138603
112 0.767198 0.127805 0.80738 0.139233
589 0.845841 0.127385 0.888055 0.142378
498 0.9101 0.130216 0.943715 0.143426
127 0.109131 0.174984 0.149781 0.194171
127 0.175735 0.168484 0.217011 0.186203
358 0.257974 0.16125 0.299562 0.176767
1 0.386492 0.156951 0.431207 0.16754
681 0.469356 0.158 0.517511 0.172153
839 0.54065 0.161564 0.568168 0.176557
85 0.618355 0.157161 0.672295 0.172363
14 0.73374 0.161145 0.781426 0.172992
350 0.835679 0.160201 0.885241 0.176138
10 0.906817 0.165024 0.944966 0.179283
599 0.12758 0.20151 0.159475 0.217656
469 0.188086 0.197735 0.219199 0.212414
162 0.278455 0.19113 0.355535 0.208849
490 0.390713 0.18767 0.430582 0.204445
1 0.454816 0.18442 0.475297 0.196687
113 0.499218 0.183791 0.526579 0.196897
641 0.573014 0.186832 0.619137 0.205704
839 0.676048 0.187566 0.696373 0.200881
761 0.728268 0.183791 0.76454 0.201719
176 0.777674 0.189453 0.811132 0.207591
553 0.833802 0.187775 0.866792 0.203397
176 0.877267 0.192913 0.913696 0.210107
255 0.924328 0.189872 0.948093 0.208429
552 0.160256 0.228035 0.195435 0.244286
1 0.191213 0.227826 0.207942 0.237157
698 0.245153 0.223737 0.28424 0.244286
808 0.304409 0.221325 0.340838 0.238415
113 0.347405 0.219019 0.378049 0.236108
596 0.395403 0.220486 0.42339 0.239463
9 0.449187 0.220486 0.477799 0.23506
98 0.509068 0.219333 0.54409 0.235899
511 0.581301 0.218809 0.623515 0.234431
579 0.640869 0.216398 0.670419 0.232124
498 0.711382 0.221954 0.755472 0.237366
859 0.78252 0.222793 0.805191 0.236737
641 0.81723 0.222793 0.84459 0.240302
379 0.86132 0.226148 0.881801 0.243447
381 0.910725 0.224471 0.949031 0.241141
641 0.147123 0.258545 0.181676 0.274062
596 0.197467 0.253198 0.224515 0.270707
490 0.267042 0.255085 0.310507 0.270078
313 0.364447 0.247536 0.419637 0.26861
750 0.476079 0.252044 0.53127 0.268819
86 0.596623 0.245439 0.667605 0.260432
120 0.762351 0.252674 0.823952 0.270287
326 0.885866 0.249843 0.94778 0.265045
825 0.097561 0.29199 0.123827 0.310967
141 0.130863 0.288949 0.162289 0.305305
298 0.195435 0.281191 0.229518 0.296289
748 0.241557 0.285909 0.257661 0.298176
10 0.284553 0.284651 0.313946 0.299014
495 0.345216 0.28161 0.380863 0.295659
839 0.402908 0.281296 0.427767 0.296708
10 0.45122 0.280667 0.482176 0.294192
695 0.507036 0.273852 0.545654 0.291256
596 0.574578 0.277312 0.611632 0.292724
350 0.816604 0.276159 0.858349 0.291256
10 0.907755 0.278989 0.949969 0.294611
834 0.089744 0.324177 0.117261 0.339694
746 0.133208 0.319564 0.162914 0.336129
754 0.189962 0.313064 0.219825 0.32879
661 0.221857 0.311701 0.233583 0.323967
825 0.242183 0.312644 0.252971 0.324177
248 0.292839 0.314217 0.332708 0.331097
839 0.353346 0.310442 0.377423 0.326274
10 0.399781 0.311386 0.433396 0.326693
859 0.449187 0.308346 0.466542 0.322919
548 0.495935 0.304047 0.528143 0.321241
9 0.636492 0.304886 0.666979 0.318725
358 0.70075 0.304047 0.734209 0.321661
24 0.781895 0.305515 0.833959 0.319564
900 0.860069 0.307926 0.899312 0.327532
552 0.924797 0.304047 0.95122 0.320612
808 0.095685 0.356259 0.12414 0.372824
839 0.148374 0.348291 0.173233 0.364018
587 0.220919 0.343573 0.278924 0.359824
242 0.328018 0.338226 0.379612 0.354162
127 0.4101 0.334347 0.460288 0.350178
859 0.477955 0.33896 0.497811 0.35563
380 0.514853 0.337492 0.535647 0.355001
839 0.662289 0.337912 0.686679 0.352694
10 0.707004 0.340742 0.742339 0.35563
170 0.757817 0.339799 0.793621 0.354372
380 0.810819 0.337282 0.828643 0.352694
143 0.856004 0.341057 0.889306 0.358566
110 0.889619 0.338541 0.916198 0.354791
859 0.930425 0.336234 0.946842 0.353324
839 0.167448 0.385511 0.184803 0.404697
561 0.221701 0.374921 0.262039 0.394213
84 0.317542 0.369574 0.376485 0.38897
350 0.408537 0.366324 0.449031 0.385825
10 0.491088 0.368736 0.536273 0.385406
499 0.677455 0.365066 0.733896 0.383728
851 0.788618 0.370203 0.8202 0.386244
900 0.892745 0.368945 0.937461 0.387083
207 0.238743 0.4091 0.278299 0.425246
552 0.319262 0.406375 0.362727 0.424198
859 0.391338 0.403858 0.420575 0.419795
10 0.46873 0.401027 0.513759 0.417488
859 0.53252 0.400189 0.553784 0.415601
110 0.590056 0.398302 0.633521 0.415601
362 0.676048 0.404697 0.729206 0.420633
85 0.777205 0.402705 0.828643 0.417698
859 0.860538 0.398721 0.89212 0.41581
10 0.913227 0.397148 0.947154 0.411407
271 0.261101 0.442546 0.304878 0.460684
490 0.339744 0.438562 0.379612 0.454812
469 0.406504 0.436465 0.43277 0.453345
541 0.479987 0.433215 0.531895 0.452296
514 0.698874 0.436465 0.739525 0.451877
358 0.765947 0.430384 0.794559 0.446215
808 0.809568 0.435102 0.838962 0.450828
851 0.855066 0.432481 0.873671 0.451877
16 0.894622 0.426714 0.92339 0.442231
98 0.18449 0.483225 0.21576 0.499266
579 0.325516 0.468966 0.348655 0.484378
498 0.390557 0.471273 0.432458 0.488362
493 0.515791 0.466135 0.602564 0.484378
552 0.649468 0.470958 0.700125 0.488362
640 0.734365 0.467603 0.770482 0.486265
495 0.163696 0.531663 0.203565 0.547075
839 0.22858 0.52705 0.25641 0.542881
661 0.269387 0.52317 0.287992 0.540784
10 0.320982 0.521598 0.358349 0.539945
695 0.385866 0.513001 0.42339 0.53009
596 0.440901 0.514678 0.46748 0.534074
10 0.492808 0.512162 0.523765 0.526525
142 0.649625 0.518138 0.688868 0.533865
736 0.14853 0.559446 0.182614 0.576641
111 0.216229 0.556301 0.257974 0.574963
24 0.300813 0.552736 0.347717 0.566995
498 0.48843 0.553156 0.537211 0.569511
164 0.818324 0.54372 0.85616 0.561334
724 0.906348 0.539841 0.943715 0.558608
252 0.224828 0.589327 0.272358 0.60411
753 0.719199 0.580205 0.770482 0.5974
812 0.812226 0.57056 0.856473 0.588803
118 0.900719 0.563011 0.936523 0.581464
495 0.161194 0.627071 0.196685 0.643112
839 0.217636 0.621199 0.242339 0.636402
661 0.252814 0.61732 0.270482 0.633047
10 0.297686 0.616272 0.328643 0.629482
596 0.442464 0.608408 0.471857 0.627176
1 0.504847 0.61103 0.548155 0.629063
596 0.580363 0.605578 0.610069 0.622143
10 0.737492 0.60757 0.789869 0.627805
380 0.829112 0.601174 0.868355 0.616691
495 0.906035 0.592053 0.942151 0.608304
736 0.17464 0.651919 0.21576 0.666387
380 0.256254 0.651499 0.298624 0.667436
260 0.361632 0.644475 0.424015 0.660935
252 0.47858 0.642378 0.533146 0.656322
113 0.566604 0.633886 0.600375 0.65129
851 0.682145 0.639337 0.717636 0.656112
690 0.818949 0.626232 0.870857 0.643531
552 0.907286 0.619207 0.943715 0.638499
380 0.1798 0.684211 0.224828 0.702873
736 0.260788 0.679807 0.307692 0.699937
110 0.358193 0.673202 0.410882 0.692808
711 0.433552 0.671734 0.469669 0.688195
120 0.503909 0.670057 0.545341 0.69155
839 0.569731 0.669952 0.594747 0.686517
580 0.710913 0.66104 0.769231 0.681904
828 0.813946 0.65454 0.860851 0.673726
172 0.902595 0.652443 0.941526 0.669952
98 0.231707 0.712099 0.270482 0.728455
511 0.348499 0.708849 0.413071 0.726148
579 0.442464 0.704445 0.474672 0.722583
498 0.536585 0.702978 0.590994 0.719648
10 0.691995 0.69826 0.771107 0.716922
380 0.816917 0.690816 0.863039 0.708325
498 0.906348 0.677605 0.944653 0.695324
495 0.241557 0.744601 0.293308 0.762005
252 0.414165 0.740826 0.445591 0.753617
132 0.484522 0.738834 0.52439 0.753617
808 0.55222 0.733068 0.592245 0.752359
552 0.668856 0.732439 0.716385 0.746697
889 0.76798 0.729293 0.829894 0.75194
98 0.854597 0.714406 0.88868 0.733487
601 0.223421 0.774691 0.246404 0.790103
859 0.365854 0.774166 0.393996 0.789683
137 0.442308 0.769763 0.496248 0.786119
380 0.533458 0.770392 0.57661 0.786328
661 0.593652 0.765464 0.610694 0.780876
812 0.639462 0.767876 0.673859 0.782764
490 0.716385 0.762529 0.76329 0.781506
631 0.785647 0.756867 0.807692 0.775425
736 0.851626 0.751835 0.899937 0.771231
631 0.462477 0.803208 0.487179 0.822814
596 0.622108 0.800692 0.662914 0.819669
859 0.689962 0.803313 0.720138 0.823653
10 0.750313 0.797547 0.795497 0.813797
747 0.829581 0.790837 0.863352 0.808765
98 0.907286 0.783183 0.941526 0.799958
10 0.542214 0.837282 0.578799 0.850493
754 0.634772 0.834661 0.690744 0.849235
567 0.734991 0.826798 0.782364 0.842105
580 0.826298 0.823653 0.871795 0.839589
118 0.904472 0.813693 0.938086 0.834766
754 0.60444 0.868526 0.685741 0.885301
733 0.777674 0.855945 0.855847 0.876284
754 0.910569 0.853114 0.942464 0.873978
839 0.418386 0.901552 0.461851 0.917802
567 0.51454 0.896519 0.571607 0.912141
118 0.609443 0.896729 0.656035 0.915286
99 0.695122 0.897463 0.731395 0.914657
10 0.772201 0.89589 0.815197 0.911092
380 0.846154 0.891172 0.876798 0.905012
552 0.908537 0.884043 0.94434 0.904592
839 0.480613 0.932585 0.514071 0.946949
839 0.628361 0.930069 0.656973 0.944013
839 0.688712 0.927134 0.712633 0.93982
808 0.799093 0.926085 0.840525 0.943804
112 0.89728 0.920843 0.937774 0.934997
