578 1.001512 0.100692 0.707199 0.088525
10 1.148367 0.100902 0.839988 0.085588
380 1.306866 0.096916 0.932547 0.086428
484 0.971264 0.143172 0.719903 0.116845
578 1.165759 0.134676 0.813067 0.109503
839 1.324259 0.133942 0.934664 0.108454
1 0.888082 0.179358 0.658802 0.131319
16 1.053388 0.176841 0.785541 0.137613
98 1.284029 0.171492 0.907441 0.134047
85 0.909407 0.214705 0.697822 0.169289
748 1.062916 0.225823 0.737447 0.171387
10 1.141107 0.219845 0.834543 0.169499
498 1.295675 0.219845 0.922263 0.165723
748 0.872807 0.274701 0.607683 0.20537
737 0.934362 0.263793 0.683001 0.19656
869 1.034936 0.2661 0.740774 0.203692
839 1.098155 0.273128 0.762553 0.206
839 1.169389 0.270506 0.817302 0.204531
180 1.276921 0.262429 0.927102 0.197189
24 0.958863 0.334172 0.731397 0.24292
491 1.138838 0.334697 0.832426 0.248164
552 1.297338 0.332809 0.918935 0.241871
1 0.899123 0.381477 0.662129 0.269981
737 1.027979 0.37812 0.741984 0.273338
859 1.181186 0.387141 0.828796 0.28047
552 1.299758 0.374659 0.92075 0.274386
750 0.858439 0.425739 0.649123 0.29935
808 1.004537 0.429411 0.720508 0.30879
14 1.106624 0.433186 0.80006 0.304594
635 1.227011 0.423012 0.879915 0.307741
869 1.331518 0.415775 0.924985 0.29914
14 0.394888 0.493497 0.33908 0.3455
869 0.894283 0.469268 0.641561 0.33648
110 1.1281 0.477134 0.815789 0.342563
358 1.298397 0.468743 0.911373 0.339207
184 0.269812 0.543528 0.252269 0.388924
120 0.397005 0.536501 0.313067 0.384099
16 0.486842 0.536081 0.386872 0.378645
552 0.610859 0.530627 0.454023 0.37403
552 0.724592 0.528949 0.535088 0.372352
599 0.926649 0.51437 0.655475 0.372561
869 0.991984 0.523914 0.694797 0.372352
612 1.045372 0.519404 0.732002 0.37382
596 1.11222 0.524124 0.787659 0.376128
24 1.196915 0.530627 0.856019 0.371932
24 1.323805 0.519194 0.936177 0.370044
511 0.244404 0.589259 0.238355 0.414516
859 0.402148 0.588001 0.302783 0.415775
839 0.475348 0.585169 0.354204 0.411789
869 0.543708 0.587162 0.406231 0.414936
596 0.714005 0.576988 0.523593 0.413048
748 0.81216 0.586637 0.573503 0.415146
839 0.939504 0.580764 0.663037 0.412628
756 1.019812 0.569855 0.749849 0.406335
111 1.168028 0.573212 0.844223 0.408853
552 1.297036 0.57017 0.92075 0.404447
748 0.127344 0.654814 0.104053 0.45752
869 0.380823 0.637298 0.297641 0.445563
112 0.476255 0.631949 0.382638 0.447871
724 0.623109 0.634256 0.46582 0.451647
120 0.732456 0.632159 0.535088 0.450388
9 0.845584 0.629222 0.626437 0.438641
812 0.980188 0.626704 0.716576 0.440738
112 1.129462 0.620306 0.828191 0.434655
812 1.27677 0.619887 0.910466 0.436753
748 0.131881 0.697399 0.117362 0.491085
495 0.221718 0.694357 0.213551 0.48584
869 0.388838 0.68261 0.306413 0.474512
181 0.881428 0.674009 0.652753 0.470736
736 1.016183 0.663205 0.761343 0.46759
552 1.274652 0.659954 0.912281 0.46696
89 0.371143 0.736627 0.313975 0.516258
112 0.905777 0.720474 0.697822 0.501993
589 1.094828 0.717537 0.792196 0.503671
869 1.298246 0.711139 0.902601 0.500105
631 1.230036 0.796832 0.845433 0.556954
839 1.297036 0.796203 0.892922 0.56115
298 0.165154 0.999266 0.167574 0.690791
142 0.29023 0.996958 0.252571 0.687434
469 0.54265 0.986679 0.430732 0.681141
15 0.700091 0.97619 0.530853 0.670233
140 0.979431 0.943675 0.733817 0.653451
856 1.243043 0.944305 0.870236 0.658905
641 0.151694 1.124397 0.164852 0.776589
748 0.30006 1.124816 0.23654 0.776169
737 0.453116 1.110027 0.356927 0.763793
585 0.574108 1.095553 0.45735 0.757499
10 0.719903 1.097231 0.554144 0.753304
464 0.843164 1.086847 0.641561 0.756031
514 1.011948 1.085588 0.742589 0.749318
120 1.161525 1.066394 0.838475 0.733166
120 1.289474 1.058108 0.903206 0.729599
255 0.156534 1.248794 0.174531 0.854626
748 0.285239 1.239983 0.219601 0.85043
10 0.37931 1.236417 0.30248 0.844137
596 0.486086 1.221418 0.372656 0.842668
807 0.586812 1.217537 0.464005 0.835746
380 0.766031 1.21481 0.588929 0.835326
514 0.947066 1.20086 0.718088 0.823369
120 1.1219 1.192469 0.808227 0.823789
120 1.261645 1.185127 0.903206 0.822949
578 1.001512 0.100692 0.707199 0.088525
10 1.148367 0.100902 0.839988 0.085588
380 1.306866 0.096916 0.932547 0.086428
484 0.971264 0.143172 0.719903 0.116845
578 1.165759 0.134676 0.813067 0.109503
839 1.324259 0.133942 0.934664 0.108454
1 0.888082 0.179358 0.658802 0.131319
16 1.053388 0.176841 0.785541 0.137613
98 1.284029 0.171492 0.907441 0.134047
85 0.909407 0.214705 0.697822 0.169289
748 1.062916 0.225823 0.737447 0.171387
10 1.141107 0.219845 0.834543 0.169499
498 1.295675 0.219845 0.922263 0.165723
748 0.872807 0.274701 0.607683 0.20537
737 0.934362 0.263793 0.683001 0.19656
869 1.034936 0.2661 0.740774 0.203692
839 1.098155 0.273128 0.762553 0.206
839 1.169389 0.270506 0.817302 0.204531
180 1.276921 0.262429 0.927102 0.197189
24 0.958863 0.334172 0.731397 0.24292
491 1.138838 0.334697 0.832426 0.248164
552 1.297338 0.332809 0.918935 0.241871
1 0.899123 0.381477 0.662129 0.269981
737 1.027979 0.37812 0.741984 0.273338
859 1.181186 0.387141 0.828796 0.28047
552 1.299758 0.374659 0.92075 0.274386
750 0.858439 0.425739 0.649123 0.29935
808 1.004537 0.429411 0.720508 0.30879
14 1.106624 0.433186 0.80006 0.304594
635 1.227011 0.423012 0.879915 0.307741
869 1.331518 0.415775 0.924985 0.29914
14 0.394888 0.493497 0.33908 0.3455
869 0.894283 0.469268 0.641561 0.33648
110 1.1281 0.477134 0.815789 0.342563
358 1.298397 0.468743 0.911373 0.339207
184 0.269812 0.543528 0.252269 0.388924
120 0.397005 0.536501 0.313067 0.384099
16 0.486842 0.536081 0.386872 0.378645
552 0.610859 0.530627 0.454023 0.37403
552 0.724592 0.528949 0.535088 0.372352
599 0.926649 0.51437 0.655475 0.372561
869 0.991984 0.523914 0.694797 0.372352
612 1.045372 0.519404 0.732002 0.37382
596 1.11222 0.524124 0.787659 0.376128
24 1.196915 0.530627 0.856019 0.371932
24 1.323805 0.519194 0.936177 0.370044
511 0.244404 0.589259 0.238355 0.414516
859 0.402148 0.588001 0.302783 0.415775
839 0.475348 0.585169 0.354204 0.411789
869 0.543708 0.587162 0.406231 0.414936
596 0.714005 0.576988 0.523593 0.413048
748 0.81216 0.586637 0.573503 0.415146
839 0.939504 0.580764 0.663037 0.412628
756 1.019812 0.569855 0.749849 0.406335
111 1.168028 0.573212 0.844223 0.408853
552 1.297036 0.57017 0.92075 0.404447
748 0.127344 0.654814 0.104053 0.45752
869 0.380823 0.637298 0.297641 0.445563
112 0.476255 0.631949 0.382638 0.447871
724 0.623109 0.634256 0.46582 0.451647
120 0.732456 0.632159 0.535088 0.450388
9 0.845584 0.629222 0.626437 0.438641
812 0.980188 0.626704 0.716576 0.440738
112 1.129462 0.620306 0.828191 0.434655
812 1.27677 0.619887 0.910466 0.436753
748 0.131881 0.697399 0.117362 0.491085
495 0.221718 0.694357 0.213551 0.48584
869 0.388838 0.68261 0.306413 0.474512
181 0.881428 0.674009 0.652753 0.470736
736 1.016183 0.663205 0.761343 0.46759
552 1.274652 0.659954 0.912281 0.46696
89 0.371143 0.736627 0.313975 0.516258
112 0.905777 0.720474 0.697822 0.501993
589 1.094828 0.717537 0.792196 0.503671
869 1.298246 0.711139 0.902601 0.500105
631 1.230036 0.796832 0.845433 0.556954
839 1.297036 0.796203 0.892922 0.56115
298 0.165154 0.999266 0.167574 0.690791
142 0.29023 0.996958 0.252571 0.687434
469 0.54265 0.986679 0.430732 0.681141
15 0.700091 0.97619 0.530853 0.670233
140 0.979431 0.943675 0.733817 0.653451
856 1.243043 0.944305 0.870236 0.658905
641 0.151694 1.124397 0.164852 0.776589
748 0.30006 1.124816 0.23654 0.776169
737 0.453116 1.110027 0.356927 0.763793
585 0.574108 1.095553 0.45735 0.757499
10 0.719903 1.097231 0.554144 0.753304
464 0.843164 1.086847 0.641561 0.756031
514 1.011948 1.085588 0.742589 0.749318
120 1.161525 1.066394 0.838475 0.733166
120 1.289474 1.058108 0.903206 0.729599
255 0.156534 1.248794 0.174531 0.854626
748 0.285239 1.239983 0.219601 0.85043
10 0.37931 1.236417 0.30248 0.844137
596 0.486086 1.221418 0.372656 0.842668
807 0.586812 1.217537 0.464005 0.835746
380 0.766031 1.21481 0.588929 0.835326
514 0.947066 1.20086 0.718088 0.823369
120 1.1219 1.192469 0.808227 0.823789
120 1.261645 1.185127 0.903206 0.822949
